1920 1080 40
하연 백지 바탕.PNG
wall 0 0 40 0 0 0
wall 0 40 40 0 0 0
wall 0 80 40 0 0 0
wall 0 120 40 0 0 0
wall 0 160 40 0 0 0
wall 0 200 40 0 0 0
wall 0 240 40 0 0 0
wall 0 280 40 0 0 0
wall 0 320 40 0 0 0
wall 0 360 40 0 0 0
wall 0 400 40 0 0 0
wall 0 440 40 0 0 0
wall 0 480 40 0 0 0
wall 0 520 40 0 0 0
wall 0 560 40 0 0 0
wall 0 600 40 0 0 0
wall 0 640 40 0 0 0
wall 0 680 40 0 0 0
wall 0 720 40 0 0 0
wall 0 760 40 0 0 0
wall 0 800 40 0 0 0
wall 0 840 40 0 0 0
wall 0 880 40 0 0 0
wall 0 920 40 0 0 0
wall 0 960 40 0 0 0
wall 0 1000 40 0 0 0
wall 0 1040 40 0 0 0
wall 40 0 40 0 0 0
0
0
0
0
0
0
0
0
0
0
0
0
0
0
0
0
0
0
0
0
0
0
0
wall 40 960 40 0 0 0
wall 40 1000 40 0 0 0
wall 40 1040 40 0 0 0
wall 80 0 40 0 0 0
0
0
0
0
0
0
0
0
0
0
0
0
0
0
0
0
0
0
0
0
0
ball 80 880 40 0 0 0
0
wall 80 960 40 0 0 0
wall 80 1000 40 0 0 0
wall 80 1040 40 0 0 0
wall 120 0 40 0 0 0
0
0
0
0
0
0
0
0
0
0
0
0
0
0
0
0
0
0
0
0
0
0
0
wall 120 960 40 0 0 0
wall 120 1000 40 0 0 0
wall 120 1040 40 0 0 0
wall 160 0 40 0 0 0
0
0
0
0
0
0
0
0
spring 160 360 40 0 0 0
0
0
0
spring 160 520 40 0 0 0
0
0
0
0
0
0
0
0
0
0
0
thorn 160 1000 40 0 0 0
wall 160 1040 40 0 0 0
wall 200 0 40 0 0 0
0
0
0
0
0
0
0
0
0
0
0
0
0
0
0
0
0
0
0
0
0
0
0
0
thorn 200 1000 40 0 0 0
wall 200 1040 40 0 0 0
wall 240 0 40 0 0 0
0
0
0
0
0
0
0
0
0
0
0
0
0
0
0
0
0
0
0
0
0
0
0
0
thorn 240 1000 40 0 0 0
wall 240 1040 40 0 0 0
wall 280 0 40 0 0 0
0
0
0
0
0
0
0
0
0
0
spring 280 440 40 0 0 0
0
0
0
spring 280 600 40 0 0 0
0
0
0
0
0
0
0
0
0
thorn 280 1000 40 0 0 0
wall 280 1040 40 0 0 0
wall 320 0 40 0 0 0
0
0
0
0
0
0
wall 320 280 40 0 0 0
0
0
0
0
0
0
0
0
0
0
0
0
0
0
0
0
fakewal 320 960 40 0 0 0
thorn 320 1000 40 0 0 0
wall 320 1040 40 0 0 0
wall 360 0 40 0 0 0
0
0
0
0
0
0
wall 360 280 40 0 0 0
wall 360 320 40 0 0 0
wall 360 360 40 0 0 0
0
0
0
0
0
0
0
0
0
0
0
0
0
0
0
thorn 360 1000 40 0 0 0
wall 360 1040 40 0 0 0
wall 400 0 40 0 0 0
0
0
0
0
0
0
0
thorn 400 320 40 0 0 0
wall 400 360 40 0 0 0
0
0
0
0
0
0
0
spring 400 680 40 0 0 0
0
0
0
0
0
0
0
thorn 400 1000 40 0 0 0
wall 400 1040 40 0 0 0
wall 440 0 40 0 0 0
0
0
0
0
0
0
movewal 440 280 40 0 800 280
thorn 440 320 40 0 0 0
wall 440 360 40 0 0 0
0
0
0
0
0
0
0
0
0
0
0
0
0
0
0
thorn 440 1000 40 0 0 0
wall 440 1040 40 0 0 0
wall 480 0 40 0 0 0
0
0
0
0
0
0
0
thorn 480 320 40 0 0 0
wall 480 360 40 0 0 0
0
0
0
0
0
0
0
0
0
0
0
0
0
0
0
thorn 480 1000 40 0 0 0
wall 480 1040 40 0 0 0
wall 520 0 40 0 0 0
0
0
0
0
0
0
0
thorn 520 320 40 0 0 0
wall 520 360 40 0 0 0
0
0
0
0
0
0
0
0
0
spring 520 760 40 0 0 0
0
0
0
0
fakewal 520 960 40 0 0 0
thorn 520 1000 40 0 0 0
wall 520 1040 40 0 0 0
wall 560 0 40 0 0 0
0
0
0
0
0
0
0
thorn 560 320 40 0 0 0
wall 560 360 40 0 0 0
0
0
0
0
0
0
0
0
0
0
0
0
0
0
0
thorn 560 1000 40 0 0 0
wall 560 1040 40 0 0 0
wall 600 0 40 0 0 0
0
0
0
0
0
0
0
thorn 600 320 40 0 0 0
wall 600 360 40 0 0 0
0
0
0
0
0
0
0
0
0
0
0
0
0
0
0
thorn 600 1000 40 0 0 0
wall 600 1040 40 0 0 0
wall 640 0 40 0 0 0
0
0
0
0
0
0
0
thorn 640 320 40 0 0 0
wall 640 360 40 0 0 0
0
0
0
0
0
0
0
0
0
0
0
spring 640 840 40 0 0 0
0
0
0
thorn 640 1000 40 0 0 0
wall 640 1040 40 0 0 0
wall 680 0 40 0 0 0
0
0
0
0
0
0
0
thorn 680 320 40 0 0 0
wall 680 360 40 0 0 0
0
0
0
0
0
0
0
0
0
0
0
0
0
0
0
thorn 680 1000 40 0 0 0
wall 680 1040 40 0 0 0
wall 720 0 40 0 0 0
0
0
0
0
0
0
0
thorn 720 320 40 0 0 0
wall 720 360 40 0 0 0
0
0
0
0
0
0
0
0
0
0
0
0
0
0
spring 720 960 40 0 0 0
wall 720 1000 40 0 0 0
wall 720 1040 40 0 0 0
wall 760 0 40 0 0 0
0
0
0
0
0
0
0
thorn 760 320 40 0 0 0
wall 760 360 40 0 0 0
wall 760 400 40 0 0 0
wall 760 440 40 0 0 0
wall 760 480 40 0 0 0
wall 760 520 40 0 0 0
wall 760 560 40 0 0 0
wall 760 600 40 0 0 0
wall 760 640 40 0 0 0
wall 760 680 40 0 0 0
wall 760 720 40 0 0 0
wall 760 760 40 0 0 0
wall 760 800 40 0 0 0
wall 760 840 40 0 0 0
wall 760 880 40 0 0 0
wall 760 920 40 0 0 0
wall 760 960 40 0 0 0
wall 760 1000 40 0 0 0
wall 760 1040 40 0 0 0
wall 800 0 40 0 0 0
0
0
0
0
0
0
endpoint 800 280 40 0 440 280
thorn 800 320 40 0 0 0
wall 800 360 40 0 0 0
0
0
0
0
0
0
0
0
0
0
0
0
0
0
0
0
0
wall 840 0 40 0 0 0
0
0
0
0
0
0
0
thorn 840 320 40 0 0 0
wall 840 360 40 0 0 0
0
0
0
0
0
0
0
0
0
0
0
0
0
0
0
0
0
wall 880 0 40 0 0 0
0
0
0
0
0
0
0
thorn 880 320 40 0 0 0
wall 880 360 40 0 0 0
0
0
0
0
0
0
0
0
0
0
0
0
0
0
0
0
0
wall 920 0 40 0 0 0
0
0
0
0
0
0
0
thorn 920 320 40 0 0 0
wall 920 360 40 0 0 0
0
0
0
0
0
0
0
0
0
0
0
0
0
0
0
0
0
wall 960 0 40 0 0 0
0
0
0
0
0
0
wall 960 280 40 0 0 0
wall 960 320 40 0 0 0
wall 960 360 40 0 0 0
wall 960 400 40 0 0 0
wall 960 440 40 0 0 0
wall 960 480 40 0 0 0
wall 960 520 40 0 0 0
wall 960 560 40 0 0 0
wall 960 600 40 0 0 0
wall 960 640 40 0 0 0
wall 960 680 40 0 0 0
wall 960 720 40 0 0 0
wall 960 760 40 0 0 0
wall 960 800 40 0 0 0
wall 960 840 40 0 0 0
wall 960 880 40 0 0 0
wall 960 920 40 0 0 0
wall 960 960 40 0 0 0
wall 960 1000 40 0 0 0
wall 960 1040 40 0 0 0
wall 1000 0 40 0 0 0
0
0
0
0
0
0
0
0
0
0
0
0
thorn 1000 520 40 0 0 0
wall 1000 560 40 0 0 0
0
0
0
0
0
0
0
0
0
0
0
0
wall 1040 0 40 0 0 0
0
0
0
0
0
0
0
0
0
0
0
0
thorn 1040 520 40 0 0 0
wall 1040 560 40 0 0 0
0
0
0
0
0
0
0
0
0
0
0
0
wall 1080 0 40 0 0 0
0
0
0
0
0
0
0
0
fakewal 1080 360 40 0 0 0
0
0
0
thorn 1080 520 40 0 0 0
wall 1080 560 40 0 0 0
0
0
0
0
0
0
0
0
0
0
0
0
wall 1120 0 40 0 0 0
0
0
0
0
0
0
0
0
0
0
0
0
thorn 1120 520 40 0 0 0
wall 1120 560 40 0 0 0
0
0
0
0
0
0
0
0
0
0
0
0
wall 1160 0 40 0 0 0
0
0
0
0
0
0
0
0
0
0
0
0
thorn 1160 520 40 0 0 0
wall 1160 560 40 0 0 0
0
0
0
0
0
0
0
0
0
0
0
0
wall 1200 0 40 0 0 0
0
0
0
0
0
0
0
0
0
0
0
fakewal 1200 480 40 0 0 0
thorn 1200 520 40 0 0 0
wall 1200 560 40 0 0 0
0
0
0
0
0
0
0
0
0
0
0
0
wall 1240 0 40 0 0 0
0
0
0
0
0
0
0
0
0
0
0
0
thorn 1240 520 40 0 0 0
wall 1240 560 40 0 0 0
0
0
0
0
0
0
0
0
0
0
0
0
wall 1280 0 40 0 0 0
0
0
0
0
0
0
0
0
0
0
0
0
thorn 1280 520 40 0 0 0
wall 1280 560 40 0 0 0
0
0
0
0
0
0
0
0
0
0
0
0
wall 1320 0 40 0 0 0
0
0
0
0
0
0
0
0
0
0
fakewal 1320 440 40 0 0 0
0
thorn 1320 520 40 0 0 0
wall 1320 560 40 0 0 0
0
0
0
0
0
0
0
0
0
0
0
0
wall 1360 0 40 0 0 0
0
0
0
0
0
0
0
0
0
0
0
thorn 1360 480 40 0 0 0
wall 1360 520 40 0 0 0
wall 1360 560 40 0 0 0
0
0
0
0
0
0
0
0
0
0
0
0
wall 1400 0 40 0 0 0
0
0
0
0
0
0
0
0
0
0
0
thorn 1400 480 40 0 0 0
wall 1400 520 40 0 0 0
wall 1400 560 40 0 0 0
wall 1400 600 40 0 0 0
wall 1400 640 40 0 0 0
wall 1400 680 40 0 0 0
wall 1400 720 40 0 0 0
wall 1400 760 40 0 0 0
wall 1400 800 40 0 0 0
wall 1400 840 40 0 0 0
wall 1400 880 40 0 0 0
wall 1400 920 40 0 0 0
wall 1400 960 40 0 0 0
wall 1400 1000 40 0 0 0
wall 1400 1040 40 0 0 0
wall 1440 0 40 0 0 0
0
0
0
0
0
0
0
0
0
fakewal 1440 400 40 0 0 0
0
0
0
0
0
0
0
0
0
thorn 1440 800 40 0 0 0
wall 1440 840 40 0 0 0
0
0
0
0
0
wall 1480 0 40 0 0 0
0
0
0
0
0
0
0
0
0
0
0
0
0
0
0
0
0
0
fakewal 1480 760 40 0 0 0
thorn 1480 800 40 0 0 0
wall 1480 840 40 0 0 0
0
0
0
0
0
wall 1520 0 40 0 0 0
0
0
0
0
0
0
0
0
0
0
0
0
fakewal 1520 520 40 0 0 0
thorn 1520 560 40 0 0 0
wall 1520 600 40 0 0 0
0
0
0
0
thorn 1520 800 40 0 0 0
wall 1520 840 40 0 0 0
0
0
0
0
0
wall 1560 0 40 0 0 0
wall 1560 40 40 0 0 0
wall 1560 80 40 0 0 0
wall 1560 120 40 0 0 0
wall 1560 160 40 0 0 0
wall 1560 200 40 0 0 0
wall 1560 240 40 0 0 0
wall 1560 280 40 0 0 0
wall 1560 320 40 0 0 0
wall 1560 360 40 0 0 0
wall 1560 400 40 0 0 0
wall 1560 440 40 0 0 0
wall 1560 480 40 0 0 0
wall 1560 520 40 0 0 0
wall 1560 560 40 0 0 0
wall 1560 600 40 0 0 0
0
0
0
0
thorn 1560 800 40 0 0 0
wall 1560 840 40 0 0 0
0
0
0
0
0
0
0
0
0
0
0
0
0
0
0
0
0
0
0
wall 1600 560 40 0 0 0
0
0
0
0
0
thorn 1600 800 40 0 0 0
wall 1600 840 40 0 0 0
0
0
0
0
0
0
0
0
0
0
0
0
0
0
0
0
0
0
0
wall 1640 560 40 0 0 0
0
0
0
0
0
thorn 1640 800 40 0 0 0
wall 1640 840 40 0 0 0
0
0
0
0
0
0
0
0
0
0
0
0
0
0
0
0
0
0
0
wall 1680 560 40 0 0 0
0
0
0
0
fakewal 1680 760 40 0 0 0
thorn 1680 800 40 0 0 0
wall 1680 840 40 0 0 0
0
0
0
0
0
0
0
0
0
0
0
0
0
0
0
0
0
0
0
wall 1720 560 40 0 0 0
0
0
0
0
0
thorn 1720 800 40 0 0 0
wall 1720 840 40 0 0 0
0
0
0
0
0
0
0
0
0
0
0
0
0
0
0
0
0
0
0
wall 1760 560 40 0 0 0
0
0
0
wall 1760 720 40 0 0 0
wall 1760 760 40 0 0 0
wall 1760 800 40 0 0 0
wall 1760 840 40 0 0 0
wall 1760 880 40 0 0 0
wall 1760 920 40 0 0 0
wall 1760 960 40 0 0 0
wall 1760 1000 40 0 0 0
wall 1760 1040 40 0 0 0
0
0
0
0
0
0
0
0
0
0
0
0
0
0
wall 1800 560 40 0 0 0
0
star 1800 640 40 0 0 0
0
wall 1800 720 40 0 0 0
0
0
0
0
0
0
0
0
0
0
0
0
0
0
0
0
0
0
0
0
0
0
wall 1840 560 40 0 0 0
0
0
0
wall 1840 720 40 0 0 0
0
0
0
0
0
0
0
0
0
0
0
0
0
0
0
0
0
0
0
0
0
0
wall 1880 560 40 0 0 0
0
0
0
wall 1880 720 40 0 0 0
0
0
0
0
0
0
0
0
