1920 1080 40
하연 백지 바탕.PNG
wall 0 0 40 0 0 0
wall 0 40 40 0 0 0
wall 0 80 40 0 0 0
wall 0 120 40 0 0 0
wall 0 160 40 0 0 0
wall 0 200 40 0 0 0
wall 0 240 40 0 0 0
wall 0 280 40 0 0 0
wall 0 320 40 0 0 0
wall 0 360 40 0 0 0
wall 0 400 40 0 0 0
wall 0 440 40 0 0 0
wall 0 480 40 0 0 0
wall 0 520 40 0 0 0
wall 0 560 40 0 0 0
wall 0 600 40 0 0 0
wall 0 640 40 0 0 0
wall 0 680 40 0 0 0
wall 0 720 40 0 0 0
wall 0 760 40 0 0 0
wall 0 800 40 0 0 0
wall 0 840 40 0 0 0
wall 0 880 40 0 0 0
wall 0 920 40 0 0 0
wall 0 960 40 0 0 0
wall 0 1000 40 0 0 0
wall 0 1040 40 0 0 0
wall 40 0 40 0 0 0
0
0
0
0
0
0
0
0
0
0
0
0
0
0
0
0
0
0
0
0
0
0
wall 40 920 40 0 0 0
wall 40 960 40 0 0 0
wall 40 1000 40 0 0 0
wall 40 1040 40 0 0 0
wall 80 0 40 0 0 0
0
0
0
0
0
0
0
0
0
0
0
0
0
0
0
0
0
0
0
0
0
0
wall 80 920 40 0 0 0
wall 80 960 40 0 0 0
wall 80 1000 40 0 0 0
wall 80 1040 40 0 0 0
wall 120 0 40 0 0 0
0
0
0
0
0
0
0
0
0
0
0
0
0
0
0
0
0
0
0
0
ball 120 840 40 0 0 0
0
wall 120 920 40 0 0 0
wall 120 960 40 0 0 0
wall 120 1000 40 0 0 0
wall 120 1040 40 0 0 0
wall 160 0 40 0 0 0
0
0
0
0
0
0
0
0
0
0
0
0
0
0
0
0
0
0
0
0
0
0
0
0
thorn 160 1000 40 0 0 0
wall 160 1040 40 0 0 0
wall 200 0 40 0 0 0
0
0
0
0
0
0
0
0
0
0
0
0
0
0
0
0
0
0
0
0
0
0
0
0
thorn 200 1000 40 0 0 0
wall 200 1040 40 0 0 0
wall 240 0 40 0 0 0
0
0
0
0
0
wall 240 240 40 0 0 0
wall 240 280 40 0 0 0
wall 240 320 40 0 0 0
0
0
wall 240 440 40 0 0 0
wall 240 480 40 0 0 0
wall 240 520 40 0 0 0
wall 240 560 40 0 0 0
wall 240 600 40 0 0 0
wall 240 640 40 0 0 0
wall 240 680 40 0 0 0
wall 240 720 40 0 0 0
0
0
0
0
0
0
thorn 240 1000 40 0 0 0
wall 240 1040 40 0 0 0
wall 280 0 40 0 0 0
0
0
0
0
0
0
0
0
0
0
0
0
0
spring 280 560 40 0 0 0
0
0
thorn 280 680 40 0 0 0
wall 280 720 40 0 0 0
0
0
0
0
0
wall 280 960 40 0 0 0
thorn 280 1000 40 0 0 0
wall 280 1040 40 0 0 0
wall 320 0 40 0 0 0
0
0
0
0
0
0
0
0
0
0
0
0
0
0
0
0
thorn 320 680 40 0 0 0
wall 320 720 40 0 0 0
0
0
0
0
0
0
thorn 320 1000 40 0 0 0
wall 320 1040 40 0 0 0
wall 360 0 40 0 0 0
0
0
0
0
0
0
0
0
0
0
0
0
0
0
0
0
thorn 360 680 40 0 0 0
wall 360 720 40 0 0 0
0
0
0
0
wall 360 920 40 0 0 0
0
thorn 360 1000 40 0 0 0
wall 360 1040 40 0 0 0
wall 400 0 40 0 0 0
0
0
0
0
0
0
0
0
0
0
spring 400 440 40 0 0 0
0
0
0
0
0
spring 400 680 40 0 0 0
wall 400 720 40 0 0 0
0
0
0
0
0
0
thorn 400 1000 40 0 0 0
wall 400 1040 40 0 0 0
wall 440 0 40 0 0 0
0
0
0
0
0
0
0
0
0
0
0
0
0
0
0
0
0
wall 440 720 40 0 0 0
0
0
0
0
0
0
thorn 440 1000 40 0 0 0
wall 440 1040 40 0 0 0
wall 480 0 40 0 0 0
0
0
0
0
0
0
0
0
0
0
0
0
0
0
0
0
0
wall 480 720 40 0 0 0
wall 480 760 40 0 0 0
0
0
wall 480 880 40 0 0 0
wall 480 920 40 0 0 0
wall 480 960 40 0 0 0
wall 480 1000 40 0 0 0
wall 480 1040 40 0 0 0
wall 520 0 40 0 0 0
0
0
0
0
0
0
0
wall 520 320 40 0 0 0
wall 520 360 40 0 0 0
wall 520 400 40 0 0 0
0
0
0
0
0
0
0
wall 520 720 40 0 0 0
blckhole 520 760 40 0 0 0
0
0
magnetic 520 880 40 0 0 0
wall 520 920 40 0 0 0
wall 520 960 40 0 0 0
wall 520 1000 40 0 0 0
wall 520 1040 40 0 0 0
wall 560 0 40 0 0 0
0
0
0
0
0
0
0
movewal 560 320 40 0 920 320
thorn 560 360 40 0 0 0
wall 560 400 40 0 0 0
0
0
0
0
0
0
0
wall 560 720 40 0 0 0
blckhole 560 760 40 0 0 0
0
0
magnetic 560 880 40 0 0 0
wall 560 920 40 0 0 0
wall 560 960 40 0 0 0
wall 560 1000 40 0 0 0
wall 560 1040 40 0 0 0
wall 600 0 40 0 0 0
0
0
0
0
0
0
0
0
thorn 600 360 40 0 0 0
wall 600 400 40 0 0 0
0
0
0
0
0
0
0
0
wall 600 760 40 0 0 0
0
0
magnetic 600 880 40 0 0 0
wall 600 920 40 0 0 0
wall 600 960 40 0 0 0
wall 600 1000 40 0 0 0
wall 600 1040 40 0 0 0
wall 640 0 40 0 0 0
0
0
0
0
0
0
0
0
thorn 640 360 40 0 0 0
wall 640 400 40 0 0 0
0
0
0
0
0
0
0
0
0
0
0
wall 640 880 40 0 0 0
wall 640 920 40 0 0 0
wall 640 960 40 0 0 0
wall 640 1000 40 0 0 0
wall 640 1040 40 0 0 0
wall 680 0 40 0 0 0
0
0
0
0
0
0
0
0
thorn 680 360 40 0 0 0
wall 680 400 40 0 0 0
0
0
0
0
0
0
0
0
0
0
0
spring 680 880 40 0 0 0
wall 680 920 40 0 0 0
wall 680 960 40 0 0 0
wall 680 1000 40 0 0 0
wall 680 1040 40 0 0 0
wall 720 0 40 0 0 0
0
0
0
0
0
0
0
0
thorn 720 360 40 0 0 0
wall 720 400 40 0 0 0
wall 720 440 40 0 0 0
wall 720 480 40 0 0 0
wall 720 520 40 0 0 0
wall 720 560 40 0 0 0
wall 720 600 40 0 0 0
wall 720 640 40 0 0 0
wall 720 680 40 0 0 0
wall 720 720 40 0 0 0
wall 720 760 40 0 0 0
wall 720 800 40 0 0 0
wall 720 840 40 0 0 0
wall 720 880 40 0 0 0
wall 720 920 40 0 0 0
wall 720 960 40 0 0 0
wall 720 1000 40 0 0 0
wall 720 1040 40 0 0 0
wall 760 0 40 0 0 0
0
0
0
0
0
0
0
0
thorn 760 360 40 0 0 0
wall 760 400 40 0 0 0
0
0
0
0
0
0
0
0
0
0
0
0
0
0
0
0
wall 800 0 40 0 0 0
0
0
0
0
0
0
0
0
thorn 800 360 40 0 0 0
wall 800 400 40 0 0 0
0
0
0
0
0
0
0
0
0
0
0
0
0
0
0
0
wall 840 0 40 0 0 0
0
0
0
0
0
0
0
0
thorn 840 360 40 0 0 0
wall 840 400 40 0 0 0
0
0
0
0
0
0
0
0
0
0
0
0
0
0
0
0
wall 880 0 40 0 0 0
0
0
0
0
0
0
0
0
thorn 880 360 40 0 0 0
wall 880 400 40 0 0 0
0
0
0
0
0
0
0
0
0
0
0
0
0
0
0
0
wall 920 0 40 0 0 0
0
0
0
0
0
0
0
endpoint 920 320 40 0 560 320
thorn 920 360 40 0 0 0
wall 920 400 40 0 0 0
0
0
0
0
0
0
0
0
0
0
0
0
0
0
0
0
wall 960 0 40 0 0 0
0
0
0
0
0
0
0
wall 960 320 40 0 0 0
wall 960 360 40 0 0 0
wall 960 400 40 0 0 0
0
0
0
0
0
0
0
0
0
0
0
0
0
0
0
0
wall 1000 0 40 0 0 0
0
0
0
0
0
0
0
thorn 1000 320 40 0 0 0
wall 1000 360 40 0 0 0
wall 1000 400 40 0 0 0
0
0
0
0
0
0
0
0
0
0
0
0
0
0
0
0
wall 1040 0 40 0 0 0
0
0
0
0
0
0
wall 1040 280 40 0 0 0
thorn 1040 320 40 0 0 0
wall 1040 360 40 0 0 0
wall 1040 400 40 0 0 0
0
0
0
0
0
0
0
0
0
0
0
0
0
0
0
0
wall 1080 0 40 0 0 0
0
0
0
0
wall 1080 200 40 0 0 0
0
0
thorn 1080 320 40 0 0 0
wall 1080 360 40 0 0 0
wall 1080 400 40 0 0 0
0
0
0
0
0
0
0
0
0
0
0
0
0
0
0
0
wall 1120 0 40 0 0 0
0
0
0
wall 1120 160 40 0 0 0
wall 1120 200 40 0 0 0
wall 1120 240 40 0 0 0
wall 1120 280 40 0 0 0
wall 1120 320 40 0 0 0
wall 1120 360 40 0 0 0
wall 1120 400 40 0 0 0
wall 1120 440 40 0 0 0
wall 1120 480 40 0 0 0
wall 1120 520 40 0 0 0
wall 1120 560 40 0 0 0
wall 1120 600 40 0 0 0
wall 1120 640 40 0 0 0
wall 1120 680 40 0 0 0
wall 1120 720 40 0 0 0
wall 1120 760 40 0 0 0
wall 1120 800 40 0 0 0
wall 1120 840 40 0 0 0
wall 1120 880 40 0 0 0
wall 1120 920 40 0 0 0
wall 1120 960 40 0 0 0
wall 1120 1000 40 0 0 0
wall 1120 1040 40 0 0 0
wall 1160 0 40 0 0 0
0
0
0
0
0
0
0
0
0
fakewal 1160 400 40 0 0 0
0
0
0
0
0
0
0
0
0
0
0
wall 1160 880 40 0 0 0
0
0
0
0
wall 1200 0 40 0 0 0
0
0
0
0
0
0
0
0
0
fakewal 1200 400 40 0 0 0
0
0
0
0
0
0
0
0
0
0
0
wall 1200 880 40 0 0 0
0
0
0
0
wall 1240 0 40 0 0 0
0
0
0
0
0
0
0
0
0
0
0
0
0
0
0
fakewal 1240 640 40 0 0 0
0
0
0
0
0
wall 1240 880 40 0 0 0
0
0
0
0
wall 1280 0 40 0 0 0
0
0
0
0
0
0
0
0
0
0
0
0
0
0
0
fakewal 1280 640 40 0 0 0
0
0
0
0
0
wall 1280 880 40 0 0 0
0
0
0
0
wall 1320 0 40 0 0 0
wall 1320 40 40 0 0 0
wall 1320 80 40 0 0 0
wall 1320 120 40 0 0 0
wall 1320 160 40 0 0 0
wall 1320 200 40 0 0 0
wall 1320 240 40 0 0 0
wall 1320 280 40 0 0 0
wall 1320 320 40 0 0 0
wall 1320 360 40 0 0 0
wall 1320 400 40 0 0 0
wall 1320 440 40 0 0 0
wall 1320 480 40 0 0 0
wall 1320 520 40 0 0 0
wall 1320 560 40 0 0 0
wall 1320 600 40 0 0 0
wall 1320 640 40 0 0 0
wall 1320 680 40 0 0 0
wall 1320 720 40 0 0 0
wall 1320 760 40 0 0 0
0
0
wall 1320 880 40 0 0 0
0
0
0
0
0
0
0
0
0
0
0
0
0
0
0
0
0
0
0
0
0
0
0
0
0
0
wall 1360 880 40 0 0 0
0
0
0
0
0
0
0
0
0
0
0
0
0
0
0
0
0
0
0
0
0
0
0
0
0
0
wall 1400 880 40 0 0 0
0
0
0
0
0
0
0
0
0
0
0
0
0
0
0
0
0
0
0
0
wall 1440 640 40 0 0 0
wall 1440 680 40 0 0 0
wall 1440 720 40 0 0 0
wall 1440 760 40 0 0 0
wall 1440 800 40 0 0 0
wall 1440 840 40 0 0 0
wall 1440 880 40 0 0 0
wall 1440 920 40 0 0 0
wall 1440 960 40 0 0 0
wall 1440 1000 40 0 0 0
wall 1440 1040 40 0 0 0
0
0
0
0
0
0
0
0
0
0
0
0
0
0
0
0
wall 1480 640 40 0 0 0
wall 1480 680 40 0 0 0
0
0
0
0
0
0
0
0
0
0
0
0
0
0
0
0
0
0
0
0
0
0
0
0
0
thorn 1520 640 40 0 0 0
wall 1520 680 40 0 0 0
0
0
0
0
0
0
0
0
0
0
0
0
0
0
0
0
0
0
0
0
0
0
0
0
0
thorn 1560 640 40 0 0 0
wall 1560 680 40 0 0 0
0
0
0
0
0
0
0
0
0
0
0
0
0
0
0
0
0
0
0
0
0
0
0
0
fakewal 1600 600 40 0 0 0
thorn 1600 640 40 0 0 0
wall 1600 680 40 0 0 0
0
0
0
0
0
0
0
0
0
0
0
0
0
0
0
0
0
0
0
0
0
0
0
0
0
thorn 1640 640 40 0 0 0
wall 1640 680 40 0 0 0
0
0
0
0
0
0
0
0
0
0
0
0
0
0
0
0
0
0
0
0
0
0
0
0
0
thorn 1680 640 40 0 0 0
wall 1680 680 40 0 0 0
0
0
0
0
0
0
0
0
0
0
0
0
0
0
0
0
0
0
0
0
0
0
0
0
0
thorn 1720 640 40 0 0 0
wall 1720 680 40 0 0 0
0
0
0
0
0
0
0
0
0
0
0
0
0
0
0
0
0
0
0
wall 1760 400 40 0 0 0
0
0
0
wall 1760 560 40 0 0 0
wall 1760 600 40 0 0 0
wall 1760 640 40 0 0 0
wall 1760 680 40 0 0 0
wall 1760 720 40 0 0 0
wall 1760 760 40 0 0 0
wall 1760 800 40 0 0 0
wall 1760 840 40 0 0 0
wall 1760 880 40 0 0 0
wall 1760 920 40 0 0 0
wall 1760 960 40 0 0 0
wall 1760 1000 40 0 0 0
wall 1760 1040 40 0 0 0
0
0
0
0
0
0
0
0
0
0
wall 1800 400 40 0 0 0
0
star 1800 480 40 0 0 0
0
wall 1800 560 40 0 0 0
0
0
0
0
0
0
0
0
0
0
0
0
0
0
0
0
0
0
0
0
0
0
wall 1840 400 40 0 0 0
0
0
0
wall 1840 560 40 0 0 0
0
0
0
0
0
0
0
0
0
0
0
0
0
0
0
0
0
0
0
0
0
0
wall 1880 400 40 0 0 0
0
0
0
wall 1880 560 40 0 0 0
0
0
0
0
0
0
0
0
0
0
0
0
