1920 1080 40
하연 백지 바탕.PNG
wall 0 0 40 0 0 0
wall 0 40 40 0 0 0
wall 0 80 40 0 0 0
wall 0 120 40 0 0 0
wall 0 160 40 0 0 0
wall 0 200 40 0 0 0
wall 0 240 40 0 0 0
wall 0 280 40 0 0 0
wall 0 320 40 0 0 0
wall 0 360 40 0 0 0
wall 0 400 40 0 0 0
wall 0 440 40 0 0 0
wall 0 480 40 0 0 0
wall 0 520 40 0 0 0
wall 0 560 40 0 0 0
wall 0 600 40 0 0 0
wall 0 640 40 0 0 0
wall 0 680 40 0 0 0
wall 0 720 40 0 0 0
wall 0 760 40 0 0 0
wall 0 800 40 0 0 0
wall 0 840 40 0 0 0
wall 0 880 40 0 0 0
wall 0 920 40 0 0 0
wall 0 960 40 0 0 0
wall 0 1000 40 0 0 0
wall 0 1040 40 0 0 0
wall 40 0 40 0 0 0
0
0
0
0
0
0
0
0
0
0
0
spring 40 480 40 0 0 0
0
0
0
0
0
spring 40 720 40 0 0 0
wall 40 760 40 0 0 0
0
0
0
0
0
wall 40 1000 40 0 0 0
wall 40 1040 40 0 0 0
wall 80 0 40 0 0 0
0
0
0
0
0
0
0
0
0
0
0
0
0
0
0
0
0
0
wall 80 760 40 0 0 0
0
0
0
ball 80 920 40 0 0 0
0
wall 80 1000 40 0 0 0
wall 80 1040 40 0 0 0
wall 120 0 40 0 0 0
0
0
0
0
0
0
0
0
spring 120 360 40 0 0 0
0
0
0
0
0
spring 120 600 40 0 0 0
0
0
0
wall 120 760 40 0 0 0
0
0
0
0
0
thorn 120 1000 40 0 0 0
wall 120 1040 40 0 0 0
wall 160 0 40 0 0 0
0
0
0
0
0
wall 160 240 40 0 0 0
wall 160 280 40 0 0 0
wall 160 320 40 0 0 0
wall 160 360 40 0 0 0
wall 160 400 40 0 0 0
wall 160 440 40 0 0 0
wall 160 480 40 0 0 0
wall 160 520 40 0 0 0
wall 160 560 40 0 0 0
wall 160 600 40 0 0 0
0
0
0
0
0
0
0
0
0
thorn 160 1000 40 0 0 0
wall 160 1040 40 0 0 0
wall 200 0 40 0 0 0
0
0
0
0
0
wall 200 240 40 0 0 0
wall 200 280 40 0 0 0
0
0
0
0
0
0
0
wall 200 600 40 0 0 0
0
0
0
0
0
0
spring 200 880 40 0 0 0
0
0
thorn 200 1000 40 0 0 0
wall 200 1040 40 0 0 0
wall 240 0 40 0 0 0
0
0
0
0
0
wall 240 240 40 0 0 0
wall 240 280 40 0 0 0
0
0
0
0
0
0
0
wall 240 600 40 0 0 0
0
0
0
0
0
0
0
0
0
thorn 240 1000 40 0 0 0
wall 240 1040 40 0 0 0
wall 280 0 40 0 0 0
wall 280 40 40 0 0 0
wall 280 80 40 0 0 0
wall 280 120 40 0 0 0
0
0
wall 280 240 40 0 0 0
wall 280 280 40 0 0 0
0
0
0
0
0
0
0
wall 280 600 40 0 0 0
0
0
0
0
0
0
0
0
0
spring 280 1000 40 0 0 0
wall 280 1040 40 0 0 0
0
0
wall 320 80 40 0 0 0
blckhole 320 120 40 0 0 0
0
0
magnetic 320 240 40 0 0 0
wall 320 280 40 0 0 0
wall 320 320 40 0 0 0
wall 320 360 40 0 0 0
wall 320 400 40 0 0 0
wall 320 440 40 0 0 0
wall 320 480 40 0 0 0
wall 320 520 40 0 0 0
wall 320 560 40 0 0 0
wall 320 600 40 0 0 0
wall 320 640 40 0 0 0
wall 320 680 40 0 0 0
wall 320 720 40 0 0 0
wall 320 760 40 0 0 0
wall 320 800 40 0 0 0
wall 320 840 40 0 0 0
wall 320 880 40 0 0 0
wall 320 920 40 0 0 0
wall 320 960 40 0 0 0
wall 320 1000 40 0 0 0
wall 320 1040 40 0 0 0
0
0
wall 360 80 40 0 0 0
blckhole 360 120 40 0 0 0
0
0
magnetic 360 240 40 0 0 0
wall 360 280 40 0 0 0
wall 360 320 40 0 0 0
wall 360 360 40 0 0 0
0
0
0
0
0
0
0
0
0
0
0
0
0
0
0
0
0
0
0
wall 400 80 40 0 0 0
blckhole 400 120 40 0 0 0
0
0
magnetic 400 240 40 0 0 0
wall 400 280 40 0 0 0
wall 400 320 40 0 0 0
wall 400 360 40 0 0 0
0
0
0
0
0
0
0
0
0
0
0
0
0
0
0
0
0
0
0
wall 440 80 40 0 0 0
blckhole 440 120 40 0 0 0
0
0
magnetic 440 240 40 0 0 0
wall 440 280 40 0 0 0
wall 440 320 40 0 0 0
wall 440 360 40 0 0 0
0
0
0
0
0
0
0
0
0
0
0
0
0
0
0
0
0
0
0
wall 480 80 40 0 0 0
blckhole 480 120 40 0 0 0
0
0
magnetic 480 240 40 0 0 0
wall 480 280 40 0 0 0
wall 480 320 40 0 0 0
wall 480 360 40 0 0 0
0
0
0
0
0
0
0
0
0
0
0
0
0
0
0
0
0
wall 520 0 40 0 0 0
wall 520 40 40 0 0 0
wall 520 80 40 0 0 0
wall 520 120 40 0 0 0
0
0
wall 520 240 40 0 0 0
wall 520 280 40 0 0 0
wall 520 320 40 0 0 0
wall 520 360 40 0 0 0
0
0
0
0
0
0
0
0
0
0
0
0
0
0
0
0
0
wall 560 0 40 0 0 0
0
0
0
0
0
0
0
thorn 560 320 40 0 0 0
wall 560 360 40 0 0 0
0
0
0
0
0
0
0
0
0
0
0
0
0
0
0
0
0
wall 600 0 40 0 0 0
0
0
0
0
0
0
0
thorn 600 320 40 0 0 0
wall 600 360 40 0 0 0
0
0
0
0
0
0
0
0
0
0
0
0
0
0
0
0
0
wall 640 0 40 0 0 0
0
0
0
0
0
0
0
thorn 640 320 40 0 0 0
wall 640 360 40 0 0 0
0
0
0
0
0
0
0
0
0
0
0
0
0
0
0
0
0
wall 680 0 40 0 0 0
0
0
0
0
0
0
0
thorn 680 320 40 0 0 0
wall 680 360 40 0 0 0
0
0
0
0
0
0
0
0
0
0
0
0
0
0
0
0
0
wall 720 0 40 0 0 0
0
0
0
0
0
fakewal 720 240 40 0 0 0
0
thorn 720 320 40 0 0 0
wall 720 360 40 0 0 0
0
0
0
0
0
0
0
0
0
0
0
0
0
0
0
0
0
wall 760 0 40 0 0 0
0
0
0
0
0
0
0
thorn 760 320 40 0 0 0
wall 760 360 40 0 0 0
0
0
0
0
0
0
0
0
0
0
0
0
0
0
0
0
0
wall 800 0 40 0 0 0
0
0
0
0
0
0
0
thorn 800 320 40 0 0 0
wall 800 360 40 0 0 0
0
0
0
0
0
0
0
0
0
0
0
0
0
0
0
0
0
wall 840 0 40 0 0 0
0
0
0
0
0
0
0
thorn 840 320 40 0 0 0
wall 840 360 40 0 0 0
0
0
0
0
0
0
0
0
0
0
0
0
0
0
0
0
0
wall 880 0 40 0 0 0
0
0
0
0
0
0
0
thorn 880 320 40 0 0 0
wall 880 360 40 0 0 0
0
0
0
0
0
0
0
0
0
0
0
0
0
0
0
0
0
wall 920 0 40 0 0 0
0
0
0
0
0
wall 920 240 40 0 0 0
0
thorn 920 320 40 0 0 0
wall 920 360 40 0 0 0
wall 920 400 40 0 0 0
wall 920 440 40 0 0 0
wall 920 480 40 0 0 0
wall 920 520 40 0 0 0
wall 920 560 40 0 0 0
wall 920 600 40 0 0 0
wall 920 640 40 0 0 0
wall 920 680 40 0 0 0
wall 920 720 40 0 0 0
wall 920 760 40 0 0 0
wall 920 800 40 0 0 0
wall 920 840 40 0 0 0
wall 920 880 40 0 0 0
wall 920 920 40 0 0 0
wall 920 960 40 0 0 0
wall 920 1000 40 0 0 0
wall 920 1040 40 0 0 0
wall 960 0 40 0 0 0
0
0
0
0
0
0
0
thorn 960 320 40 0 0 0
wall 960 360 40 0 0 0
0
0
0
0
0
0
0
fakewal 960 680 40 0 0 0
thorn 960 720 40 0 0 0
wall 960 760 40 0 0 0
0
0
0
0
0
thorn 960 1000 40 0 0 0
wall 960 1040 40 0 0 0
wall 1000 0 40 0 0 0
0
0
0
0
0
0
0
thorn 1000 320 40 0 0 0
wall 1000 360 40 0 0 0
0
0
0
0
0
0
0
0
0
0
0
0
0
0
fakewal 1000 960 40 0 0 0
thorn 1000 1000 40 0 0 0
wall 1000 1040 40 0 0 0
wall 1040 0 40 0 0 0
0
0
0
0
0
0
0
thorn 1040 320 40 0 0 0
wall 1040 360 40 0 0 0
0
0
0
0
0
0
0
0
0
0
0
0
0
0
fakewal 1040 960 40 0 0 0
thorn 1040 1000 40 0 0 0
wall 1040 1040 40 0 0 0
wall 1080 0 40 0 0 0
0
0
0
0
0
0
0
thorn 1080 320 40 0 0 0
wall 1080 360 40 0 0 0
0
0
0
fakewal 1080 520 40 0 0 0
0
0
0
0
thorn 1080 720 40 0 0 0
wall 1080 760 40 0 0 0
0
0
0
0
fakewal 1080 960 40 0 0 0
thorn 1080 1000 40 0 0 0
wall 1080 1040 40 0 0 0
wall 1120 0 40 0 0 0
0
0
0
0
0
fakewal 1120 240 40 0 0 0
0
thorn 1120 320 40 0 0 0
wall 1120 360 40 0 0 0
0
0
0
0
0
0
0
0
thorn 1120 720 40 0 0 0
wall 1120 760 40 0 0 0
0
0
0
0
0
thorn 1120 1000 40 0 0 0
wall 1120 1040 40 0 0 0
wall 1160 0 40 0 0 0
0
0
0
0
0
0
0
thorn 1160 320 40 0 0 0
wall 1160 360 40 0 0 0
0
0
0
0
0
0
0
0
thorn 1160 720 40 0 0 0
wall 1160 760 40 0 0 0
0
0
0
0
0
thorn 1160 1000 40 0 0 0
wall 1160 1040 40 0 0 0
wall 1200 0 40 0 0 0
0
0
0
0
0
0
0
thorn 1200 320 40 0 0 0
wall 1200 360 40 0 0 0
0
0
0
fakewal 1200 520 40 0 0 0
0
0
0
0
thorn 1200 720 40 0 0 0
wall 1200 760 40 0 0 0
0
0
0
0
0
thorn 1200 1000 40 0 0 0
wall 1200 1040 40 0 0 0
wall 1240 0 40 0 0 0
0
0
0
0
0
0
0
thorn 1240 320 40 0 0 0
wall 1240 360 40 0 0 0
0
0
0
0
0
0
0
0
thorn 1240 720 40 0 0 0
wall 1240 760 40 0 0 0
0
0
0
0
0
thorn 1240 1000 40 0 0 0
wall 1240 1040 40 0 0 0
wall 1280 0 40 0 0 0
0
0
0
0
0
0
0
thorn 1280 320 40 0 0 0
wall 1280 360 40 0 0 0
0
0
0
0
0
0
0
0
thorn 1280 720 40 0 0 0
wall 1280 760 40 0 0 0
0
0
0
0
fakewal 1280 960 40 0 0 0
thorn 1280 1000 40 0 0 0
wall 1280 1040 40 0 0 0
wall 1320 0 40 0 0 0
0
0
0
0
0
wall 1320 240 40 0 0 0
wall 1320 280 40 0 0 0
wall 1320 320 40 0 0 0
wall 1320 360 40 0 0 0
0
0
0
0
0
0
0
0
thorn 1320 720 40 0 0 0
wall 1320 760 40 0 0 0
0
0
0
0
0
thorn 1320 1000 40 0 0 0
wall 1320 1040 40 0 0 0
wall 1360 0 40 0 0 0
0
0
0
0
0
0
0
0
0
0
0
fakewal 1360 480 40 0 0 0
0
0
0
0
0
thorn 1360 720 40 0 0 0
wall 1360 760 40 0 0 0
0
0
0
0
0
thorn 1360 1000 40 0 0 0
wall 1360 1040 40 0 0 0
wall 1400 0 40 0 0 0
0
0
0
0
0
0
0
0
0
0
0
0
0
0
0
0
0
thorn 1400 720 40 0 0 0
wall 1400 760 40 0 0 0
0
0
0
0
0
thorn 1400 1000 40 0 0 0
wall 1400 1040 40 0 0 0
wall 1440 0 40 0 0 0
0
0
0
0
0
0
0
0
fakewal 1440 360 40 0 0 0
0
0
0
0
0
0
0
0
thorn 1440 720 40 0 0 0
wall 1440 760 40 0 0 0
0
0
0
fakewal 1440 920 40 0 0 0
0
thorn 1440 1000 40 0 0 0
wall 1440 1040 40 0 0 0
wall 1480 0 40 0 0 0
0
0
0
0
0
0
0
0
0
0
0
0
0
0
0
0
0
thorn 1480 720 40 0 0 0
wall 1480 760 40 0 0 0
0
0
0
0
0
thorn 1480 1000 40 0 0 0
wall 1480 1040 40 0 0 0
wall 1520 0 40 0 0 0
wall 1520 40 40 0 0 0
wall 1520 80 40 0 0 0
wall 1520 120 40 0 0 0
wall 1520 160 40 0 0 0
wall 1520 200 40 0 0 0
wall 1520 240 40 0 0 0
wall 1520 280 40 0 0 0
wall 1520 320 40 0 0 0
wall 1520 360 40 0 0 0
wall 1520 400 40 0 0 0
wall 1520 440 40 0 0 0
wall 1520 480 40 0 0 0
wall 1520 520 40 0 0 0
wall 1520 560 40 0 0 0
wall 1520 600 40 0 0 0
wall 1520 640 40 0 0 0
wall 1520 680 40 0 0 0
wall 1520 720 40 0 0 0
wall 1520 760 40 0 0 0
0
0
0
0
0
thorn 1520 1000 40 0 0 0
wall 1520 1040 40 0 0 0
0
0
0
0
0
0
0
0
0
0
0
0
0
0
0
0
0
0
wall 1560 720 40 0 0 0
wall 1560 760 40 0 0 0
0
0
0
0
0
thorn 1560 1000 40 0 0 0
wall 1560 1040 40 0 0 0
0
0
0
0
0
0
0
0
0
0
0
0
0
0
0
0
0
0
wall 1600 720 40 0 0 0
wall 1600 760 40 0 0 0
0
0
0
0
fakewal 1600 960 40 0 0 0
thorn 1600 1000 40 0 0 0
wall 1600 1040 40 0 0 0
0
0
0
0
0
0
0
0
0
0
0
0
0
0
0
0
0
0
wall 1640 720 40 0 0 0
wall 1640 760 40 0 0 0
0
0
0
0
0
thorn 1640 1000 40 0 0 0
wall 1640 1040 40 0 0 0
0
0
0
0
0
0
0
0
0
0
0
0
0
0
0
0
0
0
wall 1680 720 40 0 0 0
wall 1680 760 40 0 0 0
0
0
0
0
0
thorn 1680 1000 40 0 0 0
wall 1680 1040 40 0 0 0
0
0
0
0
0
0
0
0
0
0
0
0
0
0
0
0
0
0
wall 1720 720 40 0 0 0
wall 1720 760 40 0 0 0
0
0
0
0
0
thorn 1720 1000 40 0 0 0
wall 1720 1040 40 0 0 0
0
0
0
0
0
0
0
0
0
0
0
0
0
0
0
0
0
0
wall 1760 720 40 0 0 0
wall 1760 760 40 0 0 0
0
0
0
0
0
thorn 1760 1000 40 0 0 0
wall 1760 1040 40 0 0 0
0
0
0
0
0
0
0
0
0
0
0
0
0
0
0
0
0
0
wall 1800 720 40 0 0 0
wall 1800 760 40 0 0 0
0
0
0
0
wall 1800 960 40 0 0 0
wall 1800 1000 40 0 0 0
wall 1800 1040 40 0 0 0
0
0
0
0
0
0
0
0
0
0
0
0
0
0
0
0
0
0
wall 1840 720 40 0 0 0
wall 1840 760 40 0 0 0
0
0
star 1840 880 40 0 0 0
0
wall 1840 960 40 0 0 0
wall 1840 1000 40 0 0 0
0
0
0
0
0
0
0
0
0
0
0
0
0
0
0
0
0
0
0
wall 1880 720 40 0 0 0
wall 1880 760 40 0 0 0
0
0
0
0
wall 1880 960 40 0 0 0
wall 1880 1000 40 0 0 0
0
