1920 1080 40
하연 백지 바탕.PNG
wall 0 0 40 0 0 0
wall 0 40 40 0 0 0
wall 0 80 40 0 0 0
wall 0 120 40 0 0 0
wall 0 160 40 0 0 0
wall 0 200 40 0 0 0
wall 0 240 40 0 0 0
wall 0 280 40 0 0 0
wall 0 320 40 0 0 0
wall 0 360 40 0 0 0
wall 0 400 40 0 0 0
wall 0 440 40 0 0 0
wall 0 480 40 0 0 0
wall 0 520 40 0 0 0
wall 0 560 40 0 0 0
wall 0 600 40 0 0 0
wall 0 640 40 0 0 0
wall 0 680 40 0 0 0
wall 0 720 40 0 0 0
wall 0 760 40 0 0 0
wall 0 800 40 0 0 0
wall 0 840 40 0 0 0
wall 0 880 40 0 0 0
wall 0 920 40 0 0 0
wall 0 960 40 0 0 0
wall 0 1000 40 0 0 0
wall 0 1040 40 0 0 0
wall 40 0 40 0 0 0
0
0
0
0
0
0
0
0
0
0
0
0
0
0
thorn 40 600 40 0 0 0
wall 40 640 40 0 0 0
wall 40 680 40 0 0 0
0
0
0
0
0
0
wall 40 960 40 0 0 0
wall 40 1000 40 0 0 0
wall 40 1040 40 0 0 0
wall 80 0 40 0 0 0
0
0
0
0
0
0
0
0
0
0
0
0
0
0
thorn 80 600 40 0 0 0
wall 80 640 40 0 0 0
wall 80 680 40 0 0 0
0
0
0
0
ball 80 880 40 0 0 0
0
wall 80 960 40 0 0 0
wall 80 1000 40 0 0 0
wall 80 1040 40 0 0 0
wall 120 0 40 0 0 0
0
0
0
0
0
0
0
0
0
0
0
0
0
0
thorn 120 600 40 0 0 0
wall 120 640 40 0 0 0
wall 120 680 40 0 0 0
0
0
0
0
0
0
wall 120 960 40 0 0 0
wall 120 1000 40 0 0 0
wall 120 1040 40 0 0 0
wall 160 0 40 0 0 0
0
0
0
0
0
0
0
0
0
0
0
0
0
0
0
0
0
0
0
0
0
0
0
0
thorn 160 1000 40 0 0 0
wall 160 1040 40 0 0 0
wall 200 0 40 0 0 0
0
0
0
0
0
0
0
0
0
0
0
0
0
0
0
0
0
0
0
0
0
0
0
0
thorn 200 1000 40 0 0 0
wall 200 1040 40 0 0 0
wall 240 0 40 0 0 0
0
0
0
0
0
0
0
0
spring 240 360 40 0 0 0
0
0
0
0
0
0
0
0
0
0
0
0
0
0
0
thorn 240 1000 40 0 0 0
wall 240 1040 40 0 0 0
wall 280 0 40 0 0 0
0
0
0
0
0
0
0
0
0
0
0
0
0
0
0
0
0
0
0
0
0
0
0
0
thorn 280 1000 40 0 0 0
wall 280 1040 40 0 0 0
wall 320 0 40 0 0 0
0
0
0
0
0
0
0
0
0
0
0
0
0
0
0
0
0
0
0
0
0
0
0
wall 320 960 40 0 0 0
thorn 320 1000 40 0 0 0
wall 320 1040 40 0 0 0
wall 360 0 40 0 0 0
0
0
0
0
0
0
spring 360 280 40 0 0 0
0
0
0
spring 360 440 40 0 0 0
0
0
0
0
0
0
0
0
0
0
0
0
0
thorn 360 1000 40 0 0 0
wall 360 1040 40 0 0 0
wall 400 0 40 0 0 0
0
0
0
0
0
0
0
0
0
0
0
0
0
0
0
0
0
0
0
0
0
0
0
0
thorn 400 1000 40 0 0 0
wall 400 1040 40 0 0 0
wall 440 0 40 0 0 0
0
0
0
0
0
0
0
0
0
0
0
0
0
0
0
0
0
0
0
0
0
0
0
0
thorn 440 1000 40 0 0 0
wall 440 1040 40 0 0 0
wall 480 0 40 0 0 0
0
0
0
0
wall 480 200 40 0 0 0
wall 480 240 40 0 0 0
wall 480 280 40 0 0 0
0
0
0
0
0
spring 480 520 40 0 0 0
0
0
0
0
0
0
0
0
0
wall 480 920 40 0 0 0
0
thorn 480 1000 40 0 0 0
wall 480 1040 40 0 0 0
wall 520 0 40 0 0 0
0
0
0
0
wall 520 200 40 0 0 0
wall 520 240 40 0 0 0
wall 520 280 40 0 0 0
0
0
0
0
0
0
0
0
0
0
0
0
0
0
0
movewal 520 920 40 0 800 920
0
thorn 520 1000 40 0 0 0
wall 520 1040 40 0 0 0
wall 560 0 40 0 0 0
0
0
0
0
0
thorn 560 240 40 0 0 0
wall 560 280 40 0 0 0
0
0
0
0
0
0
0
0
0
0
0
0
0
0
0
0
0
thorn 560 1000 40 0 0 0
wall 560 1040 40 0 0 0
wall 600 0 40 0 0 0
0
0
0
0
0
thorn 600 240 40 0 0 0
wall 600 280 40 0 0 0
0
0
0
0
0
0
0
spring 600 600 40 0 0 0
0
0
0
0
0
0
0
0
0
thorn 600 1000 40 0 0 0
wall 600 1040 40 0 0 0
wall 640 0 40 0 0 0
0
0
0
0
0
thorn 640 240 40 0 0 0
wall 640 280 40 0 0 0
0
0
0
0
0
0
0
0
0
0
0
0
0
0
0
0
0
thorn 640 1000 40 0 0 0
wall 640 1040 40 0 0 0
wall 680 0 40 0 0 0
0
0
0
0
fakewal 680 200 40 0 0 0
thorn 680 240 40 0 0 0
wall 680 280 40 0 0 0
0
0
0
0
0
0
0
0
0
0
0
0
0
0
0
0
0
thorn 680 1000 40 0 0 0
wall 680 1040 40 0 0 0
wall 720 0 40 0 0 0
0
0
0
0
0
thorn 720 240 40 0 0 0
wall 720 280 40 0 0 0
0
0
0
0
0
0
0
0
0
spring 720 680 40 0 0 0
0
0
0
0
0
0
0
thorn 720 1000 40 0 0 0
wall 720 1040 40 0 0 0
wall 760 0 40 0 0 0
0
0
0
0
0
thorn 760 240 40 0 0 0
wall 760 280 40 0 0 0
0
0
0
0
0
0
0
0
0
0
0
0
0
0
0
0
0
thorn 760 1000 40 0 0 0
wall 760 1040 40 0 0 0
wall 800 0 40 0 0 0
0
0
0
0
0
thorn 800 240 40 0 0 0
wall 800 280 40 0 0 0
0
0
0
0
0
0
0
0
0
0
0
0
spring 800 800 40 0 0 0
0
0
endpoint 800 920 40 0 520 920
0
0
wall 800 1040 40 0 0 0
wall 840 0 40 0 0 0
0
0
0
0
fakewal 840 200 40 0 0 0
thorn 840 240 40 0 0 0
wall 840 280 40 0 0 0
0
0
0
0
0
0
0
0
0
0
0
0
0
0
0
wall 840 920 40 0 0 0
0
0
wall 840 1040 40 0 0 0
wall 880 0 40 0 0 0
0
0
0
0
0
thorn 880 240 40 0 0 0
wall 880 280 40 0 0 0
0
0
0
0
0
0
0
0
0
0
0
0
0
0
0
spring 880 920 40 0 0 0
0
0
wall 880 1040 40 0 0 0
wall 920 0 40 0 0 0
0
0
0
0
0
thorn 920 240 40 0 0 0
wall 920 280 40 0 0 0
0
0
0
0
0
0
0
0
0
0
0
0
0
0
0
0
0
0
wall 920 1040 40 0 0 0
wall 960 0 40 0 0 0
0
0
0
0
0
thorn 960 240 40 0 0 0
wall 960 280 40 0 0 0
0
0
0
0
0
0
0
0
0
0
0
0
0
0
0
0
0
0
wall 960 1040 40 0 0 0
wall 1000 0 40 0 0 0
0
0
0
0
wall 1000 200 40 0 0 0
wall 1000 240 40 0 0 0
wall 1000 280 40 0 0 0
wall 1000 320 40 0 0 0
wall 1000 360 40 0 0 0
wall 1000 400 40 0 0 0
wall 1000 440 40 0 0 0
wall 1000 480 40 0 0 0
wall 1000 520 40 0 0 0
wall 1000 560 40 0 0 0
wall 1000 600 40 0 0 0
0
0
0
0
0
0
0
0
0
0
wall 1000 1040 40 0 0 0
wall 1040 0 40 0 0 0
0
0
0
0
0
0
0
0
0
fakewal 1040 400 40 0 0 0
thorn 1040 440 40 0 0 0
wall 1040 480 40 0 0 0
wall 1040 520 40 0 0 0
wall 1040 560 40 0 0 0
wall 1040 600 40 0 0 0
wall 1040 640 40 0 0 0
wall 1040 680 40 0 0 0
wall 1040 720 40 0 0 0
wall 1040 760 40 0 0 0
wall 1040 800 40 0 0 0
wall 1040 840 40 0 0 0
wall 1040 880 40 0 0 0
wall 1040 920 40 0 0 0
wall 1040 960 40 0 0 0
wall 1040 1000 40 0 0 0
wall 1040 1040 40 0 0 0
wall 1080 0 40 0 0 0
0
0
0
0
0
0
0
0
0
0
0
0
0
0
fakewal 1080 600 40 0 0 0
0
0
0
0
wall 1080 800 40 0 0 0
wall 1080 840 40 0 0 0
wall 1080 880 40 0 0 0
0
0
0
wall 1080 1040 40 0 0 0
wall 1120 0 40 0 0 0
0
0
0
0
0
0
0
0
0
0
0
0
0
0
fakewal 1120 600 40 0 0 0
0
0
0
0
wall 1120 800 40 0 0 0
wall 1120 840 40 0 0 0
wall 1120 880 40 0 0 0
0
0
0
wall 1120 1040 40 0 0 0
wall 1160 0 40 0 0 0
0
0
0
0
0
0
fakewal 1160 280 40 0 0 0
thorn 1160 320 40 0 0 0
wall 1160 360 40 0 0 0
0
0
0
fakewal 1160 520 40 0 0 0
thorn 1160 560 40 0 0 0
wall 1160 600 40 0 0 0
0
0
0
0
movewal 1160 800 40 0 1360 800
thorn 1160 840 40 0 0 0
wall 1160 880 40 0 0 0
0
0
0
wall 1160 1040 40 0 0 0
wall 1200 0 40 0 0 0
wall 1200 40 40 0 0 0
wall 1200 80 40 0 0 0
wall 1200 120 40 0 0 0
wall 1200 160 40 0 0 0
wall 1200 200 40 0 0 0
wall 1200 240 40 0 0 0
wall 1200 280 40 0 0 0
wall 1200 320 40 0 0 0
wall 1200 360 40 0 0 0
wall 1200 400 40 0 0 0
wall 1200 440 40 0 0 0
wall 1200 480 40 0 0 0
wall 1200 520 40 0 0 0
wall 1200 560 40 0 0 0
wall 1200 600 40 0 0 0
0
0
0
0
0
thorn 1200 840 40 0 0 0
wall 1200 880 40 0 0 0
0
0
0
wall 1200 1040 40 0 0 0
0
0
0
0
0
0
0
0
0
0
0
0
0
0
0
wall 1240 600 40 0 0 0
0
0
0
0
0
thorn 1240 840 40 0 0 0
wall 1240 880 40 0 0 0
0
0
0
wall 1240 1040 40 0 0 0
0
0
0
0
0
0
0
0
0
0
0
0
0
0
0
wall 1280 600 40 0 0 0
0
0
0
0
0
thorn 1280 840 40 0 0 0
wall 1280 880 40 0 0 0
0
0
0
wall 1280 1040 40 0 0 0
0
0
0
0
0
0
0
0
0
0
0
0
0
0
0
wall 1320 600 40 0 0 0
0
0
0
0
0
thorn 1320 840 40 0 0 0
wall 1320 880 40 0 0 0
0
0
0
wall 1320 1040 40 0 0 0
0
0
0
0
0
0
0
0
0
0
0
0
0
0
0
wall 1360 600 40 0 0 0
0
0
0
0
endpoint 1360 800 40 0 1160 800
thorn 1360 840 40 0 0 0
wall 1360 880 40 0 0 0
0
0
0
wall 1360 1040 40 0 0 0
0
0
0
0
0
0
0
0
0
0
0
0
0
0
0
wall 1400 600 40 0 0 0
wall 1400 640 40 0 0 0
wall 1400 680 40 0 0 0
0
0
wall 1400 800 40 0 0 0
wall 1400 840 40 0 0 0
wall 1400 880 40 0 0 0
wall 1400 920 40 0 0 0
wall 1400 960 40 0 0 0
wall 1400 1000 40 0 0 0
wall 1400 1040 40 0 0 0
0
0
0
0
0
0
0
0
0
0
0
0
0
0
0
wall 1440 600 40 0 0 0
wall 1440 640 40 0 0 0
blckhole 1440 680 40 0 0 0
0
0
magnetic 1440 800 40 0 0 0
wall 1440 840 40 0 0 0
0
0
0
0
wall 1440 1040 40 0 0 0
0
0
0
0
0
0
0
0
0
0
0
0
0
0
0
wall 1480 600 40 0 0 0
wall 1480 640 40 0 0 0
blckhole 1480 680 40 0 0 0
0
0
magnetic 1480 800 40 0 0 0
wall 1480 840 40 0 0 0
0
0
0
0
wall 1480 1040 40 0 0 0
0
0
0
0
0
0
0
0
0
0
0
0
0
0
0
wall 1520 600 40 0 0 0
wall 1520 640 40 0 0 0
blckhole 1520 680 40 0 0 0
0
0
magnetic 1520 800 40 0 0 0
wall 1520 840 40 0 0 0
0
0
0
0
wall 1520 1040 40 0 0 0
0
0
0
0
0
0
0
0
0
0
0
0
0
0
0
wall 1560 600 40 0 0 0
wall 1560 640 40 0 0 0
blckhole 1560 680 40 0 0 0
0
0
magnetic 1560 800 40 0 0 0
wall 1560 840 40 0 0 0
0
0
0
0
wall 1560 1040 40 0 0 0
0
0
0
0
0
0
0
0
0
0
0
0
0
0
0
wall 1600 600 40 0 0 0
wall 1600 640 40 0 0 0
blckhole 1600 680 40 0 0 0
0
0
magnetic 1600 800 40 0 0 0
wall 1600 840 40 0 0 0
0
0
0
0
wall 1600 1040 40 0 0 0
0
0
0
0
0
0
0
0
0
0
0
0
0
0
0
wall 1640 600 40 0 0 0
wall 1640 640 40 0 0 0
wall 1640 680 40 0 0 0
0
0
wall 1640 800 40 0 0 0
wall 1640 840 40 0 0 0
wall 1640 880 40 0 0 0
wall 1640 920 40 0 0 0
wall 1640 960 40 0 0 0
wall 1640 1000 40 0 0 0
wall 1640 1040 40 0 0 0
0
0
0
0
0
0
0
0
0
0
0
0
0
0
0
wall 1680 600 40 0 0 0
0
0
0
0
wall 1680 800 40 0 0 0
0
0
0
0
0
wall 1680 1040 40 0 0 0
0
0
0
0
0
0
0
0
0
0
0
0
0
0
0
wall 1720 600 40 0 0 0
0
0
0
0
wall 1720 800 40 0 0 0
0
0
0
0
0
wall 1720 1040 40 0 0 0
0
0
0
0
0
0
0
0
0
0
0
0
0
0
0
wall 1760 600 40 0 0 0
0
0
0
0
wall 1760 800 40 0 0 0
0
0
0
0
0
wall 1760 1040 40 0 0 0
0
0
0
0
0
0
0
0
0
0
0
0
0
0
0
wall 1800 600 40 0 0 0
0
0
star 1800 720 40 0 0 0
0
wall 1800 800 40 0 0 0
0
0
0
0
0
wall 1800 1040 40 0 0 0
0
0
0
0
0
0
0
0
0
0
0
0
0
0
0
wall 1840 600 40 0 0 0
0
0
0
0
wall 1840 800 40 0 0 0
0
0
0
0
0
wall 1840 1040 40 0 0 0
0
0
0
0
0
0
0
0
0
0
0
0
0
0
0
wall 1880 600 40 0 0 0
0
0
0
0
wall 1880 800 40 0 0 0
0
0
0
0
0
wall 1880 1040 40 0 0 0
