1920 1080 40
하연 백지 바탕.PNG
0
0
0
0
wall 0 160 40 0 0 0
wall 0 200 40 0 0 0
wall 0 240 40 0 0 0
wall 0 280 40 0 0 0
wall 0 320 40 0 0 0
wall 0 360 40 0 0 0
wall 0 400 40 0 0 0
wall 0 440 40 0 0 0
wall 0 480 40 0 0 0
wall 0 520 40 0 0 0
wall 0 560 40 0 0 0
wall 0 600 40 0 0 0
wall 0 640 40 0 0 0
wall 0 680 40 0 0 0
wall 0 720 40 0 0 0
wall 0 760 40 0 0 0
wall 0 800 40 0 0 0
wall 0 840 40 0 0 0
wall 0 880 40 0 0 0
wall 0 920 40 0 0 0
wall 0 960 40 0 0 0
wall 0 1000 40 0 0 0
wall 0 1040 40 0 0 0
0
0
0
0
0
0
0
0
0
0
0
0
0
0
0
0
0
0
0
0
0
0
0
0
0
thorn 40 1000 40 0 0 0
wall 40 1040 40 0 0 0
0
0
ball 80 80 40 0 0 0
0
0
0
0
0
0
0
spring 80 400 40 0 0 0
0
0
0
0
0
0
0
spring 80 720 40 0 0 0
0
0
0
ball 80 880 40 0 0 0
0
wall 80 960 40 0 0 0
thorn 80 1000 40 0 0 0
wall 80 1040 40 0 0 0
0
0
0
0
0
0
0
0
0
0
0
0
0
0
0
0
0
0
0
0
0
0
0
0
wall 120 960 40 0 0 0
thorn 120 1000 40 0 0 0
wall 120 1040 40 0 0 0
0
0
0
0
0
0
0
0
0
0
0
0
0
0
0
0
0
0
0
0
0
0
0
0
0
thorn 160 1000 40 0 0 0
wall 160 1040 40 0 0 0
0
0
0
0
0
0
0
0
spring 200 320 40 0 0 0
0
0
0
spring 200 480 40 0 0 0
0
0
0
spring 200 640 40 0 0 0
0
0
0
spring 200 800 40 0 0 0
0
0
0
0
thorn 200 1000 40 0 0 0
wall 200 1040 40 0 0 0
0
0
0
0
0
0
0
0
0
0
0
0
0
0
0
0
0
0
0
0
0
0
0
0
0
thorn 240 1000 40 0 0 0
wall 240 1040 40 0 0 0
0
0
0
0
0
0
0
0
0
0
0
0
0
0
0
0
0
0
0
0
0
0
0
wall 280 920 40 0 0 0
wall 280 960 40 0 0 0
wall 280 1000 40 0 0 0
wall 280 1040 40 0 0 0
0
0
0
0
0
0
wall 320 240 40 0 0 0
wall 320 280 40 0 0 0
wall 320 320 40 0 0 0
wall 320 360 40 0 0 0
0
0
0
0
spring 320 560 40 0 0 0
0
0
0
0
0
0
0
spring 320 880 40 0 0 0
wall 320 920 40 0 0 0
wall 320 960 40 0 0 0
wall 320 1000 40 0 0 0
wall 320 1040 40 0 0 0
0
0
0
0
0
0
0
0
thorn 360 320 40 0 0 0
wall 360 360 40 0 0 0
wall 360 400 40 0 0 0
wall 360 440 40 0 0 0
wall 360 480 40 0 0 0
wall 360 520 40 0 0 0
wall 360 560 40 0 0 0
wall 360 600 40 0 0 0
wall 360 640 40 0 0 0
wall 360 680 40 0 0 0
wall 360 720 40 0 0 0
wall 360 760 40 0 0 0
wall 360 800 40 0 0 0
wall 360 840 40 0 0 0
wall 360 880 40 0 0 0
wall 360 920 40 0 0 0
wall 360 960 40 0 0 0
wall 360 1000 40 0 0 0
wall 360 1040 40 0 0 0
0
0
0
0
0
0
0
0
thorn 400 320 40 0 0 0
wall 400 360 40 0 0 0
0
0
0
0
0
0
0
0
0
0
0
0
wall 400 880 40 0 0 0
0
0
thorn 400 1000 40 0 0 0
wall 400 1040 40 0 0 0
0
0
0
0
0
0
0
0
thorn 440 320 40 0 0 0
wall 440 360 40 0 0 0
0
0
0
0
0
0
0
0
0
0
0
0
0
0
0
thorn 440 1000 40 0 0 0
wall 440 1040 40 0 0 0
0
0
0
0
0
fakewal 480 200 40 0 0 0
0
0
thorn 480 320 40 0 0 0
wall 480 360 40 0 0 0
0
0
0
0
0
0
0
0
thorn 480 720 40 0 0 0
wall 480 760 40 0 0 0
0
0
0
0
0
thorn 480 1000 40 0 0 0
wall 480 1040 40 0 0 0
0
0
0
0
0
0
0
0
thorn 520 320 40 0 0 0
wall 520 360 40 0 0 0
0
0
0
0
0
0
0
0
thorn 520 720 40 0 0 0
wall 520 760 40 0 0 0
0
0
0
0
0
thorn 520 1000 40 0 0 0
wall 520 1040 40 0 0 0
0
0
0
0
0
0
0
0
thorn 560 320 40 0 0 0
wall 560 360 40 0 0 0
0
0
0
0
0
0
0
0
thorn 560 720 40 0 0 0
wall 560 760 40 0 0 0
0
0
0
wall 560 920 40 0 0 0
wall 560 960 40 0 0 0
thorn 560 1000 40 0 0 0
wall 560 1040 40 0 0 0
0
0
0
0
0
0
0
0
thorn 600 320 40 0 0 0
wall 600 360 40 0 0 0
0
0
0
0
0
0
0
fakewal 600 680 40 0 0 0
thorn 600 720 40 0 0 0
wall 600 760 40 0 0 0
0
0
0
movewal 600 920 40 0 1080 920
0
thorn 600 1000 40 0 0 0
wall 600 1040 40 0 0 0
0
0
0
0
0
0
fakewal 640 240 40 0 0 0
0
thorn 640 320 40 0 0 0
wall 640 360 40 0 0 0
0
0
0
0
0
0
0
0
thorn 640 720 40 0 0 0
wall 640 760 40 0 0 0
0
0
0
0
0
thorn 640 1000 40 0 0 0
wall 640 1040 40 0 0 0
0
0
0
0
0
0
0
0
thorn 680 320 40 0 0 0
wall 680 360 40 0 0 0
0
0
0
0
0
0
0
0
thorn 680 720 40 0 0 0
wall 680 760 40 0 0 0
0
0
0
0
0
thorn 680 1000 40 0 0 0
wall 680 1040 40 0 0 0
0
0
0
0
0
0
0
0
thorn 720 320 40 0 0 0
wall 720 360 40 0 0 0
0
0
0
0
0
0
0
0
thorn 720 720 40 0 0 0
wall 720 760 40 0 0 0
0
0
0
0
0
thorn 720 1000 40 0 0 0
wall 720 1040 40 0 0 0
0
0
0
0
0
0
0
0
thorn 760 320 40 0 0 0
wall 760 360 40 0 0 0
0
0
0
0
0
0
fakewal 760 640 40 0 0 0
0
thorn 760 720 40 0 0 0
wall 760 760 40 0 0 0
0
0
0
0
0
thorn 760 1000 40 0 0 0
wall 760 1040 40 0 0 0
0
0
0
wall 800 120 40 0 0 0
wall 800 160 40 0 0 0
0
0
wall 800 280 40 0 0 0
wall 800 320 40 0 0 0
wall 800 360 40 0 0 0
0
0
0
0
0
0
0
0
thorn 800 720 40 0 0 0
wall 800 760 40 0 0 0
0
0
0
0
0
thorn 800 1000 40 0 0 0
wall 800 1040 40 0 0 0
0
0
0
wall 840 120 40 0 0 0
blckhole 840 160 40 0 0 0
0
0
magnetic 840 280 40 0 0 0
wall 840 320 40 0 0 0
wall 840 360 40 0 0 0
0
0
0
0
0
0
0
0
thorn 840 720 40 0 0 0
wall 840 760 40 0 0 0
0
0
0
0
0
thorn 840 1000 40 0 0 0
wall 840 1040 40 0 0 0
0
0
0
wall 880 120 40 0 0 0
blckhole 880 160 40 0 0 0
0
0
magnetic 880 280 40 0 0 0
wall 880 320 40 0 0 0
wall 880 360 40 0 0 0
0
0
0
0
0
0
0
0
thorn 880 720 40 0 0 0
wall 880 760 40 0 0 0
0
0
0
0
0
thorn 880 1000 40 0 0 0
wall 880 1040 40 0 0 0
0
0
0
wall 920 120 40 0 0 0
blckhole 920 160 40 0 0 0
0
0
magnetic 920 280 40 0 0 0
wall 920 320 40 0 0 0
wall 920 360 40 0 0 0
0
0
0
0
fakewal 920 560 40 0 0 0
0
0
0
thorn 920 720 40 0 0 0
wall 920 760 40 0 0 0
0
0
0
0
0
thorn 920 1000 40 0 0 0
wall 920 1040 40 0 0 0
0
0
0
wall 960 120 40 0 0 0
blckhole 960 160 40 0 0 0
0
0
magnetic 960 280 40 0 0 0
wall 960 320 40 0 0 0
wall 960 360 40 0 0 0
0
0
0
0
0
0
0
0
thorn 960 720 40 0 0 0
wall 960 760 40 0 0 0
0
0
0
0
0
thorn 960 1000 40 0 0 0
wall 960 1040 40 0 0 0
0
0
0
wall 1000 120 40 0 0 0
wall 1000 160 40 0 0 0
0
0
wall 1000 280 40 0 0 0
wall 1000 320 40 0 0 0
wall 1000 360 40 0 0 0
0
0
0
0
0
0
0
0
thorn 1000 720 40 0 0 0
wall 1000 760 40 0 0 0
0
0
0
0
0
thorn 1000 1000 40 0 0 0
wall 1000 1040 40 0 0 0
0
0
0
wall 1040 120 40 0 0 0
0
0
0
0
0
0
0
0
wall 1040 480 40 0 0 0
0
0
0
0
0
thorn 1040 720 40 0 0 0
wall 1040 760 40 0 0 0
0
0
0
0
0
thorn 1040 1000 40 0 0 0
wall 1040 1040 40 0 0 0
0
0
0
wall 1080 120 40 0 0 0
0
0
0
0
0
0
0
0
wall 1080 480 40 0 0 0
0
0
0
0
0
thorn 1080 720 40 0 0 0
wall 1080 760 40 0 0 0
0
0
0
endpoint 1080 920 40 0 600 920
0
thorn 1080 1000 40 0 0 0
wall 1080 1040 40 0 0 0
0
0
0
wall 1120 120 40 0 0 0
0
0
0
0
0
0
0
0
wall 1120 480 40 0 0 0
0
0
0
0
0
thorn 1120 720 40 0 0 0
wall 1120 760 40 0 0 0
0
0
0
wall 1120 920 40 0 0 0
0
thorn 1120 1000 40 0 0 0
wall 1120 1040 40 0 0 0
0
0
0
wall 1160 120 40 0 0 0
wall 1160 160 40 0 0 0
wall 1160 200 40 0 0 0
wall 1160 240 40 0 0 0
wall 1160 280 40 0 0 0
wall 1160 320 40 0 0 0
wall 1160 360 40 0 0 0
wall 1160 400 40 0 0 0
wall 1160 440 40 0 0 0
wall 1160 480 40 0 0 0
wall 1160 520 40 0 0 0
wall 1160 560 40 0 0 0
wall 1160 600 40 0 0 0
wall 1160 640 40 0 0 0
wall 1160 680 40 0 0 0
wall 1160 720 40 0 0 0
wall 1160 760 40 0 0 0
0
0
0
wall 1160 920 40 0 0 0
0
thorn 1160 1000 40 0 0 0
wall 1160 1040 40 0 0 0
0
0
0
0
0
0
0
0
0
0
0
0
0
0
0
0
0
0
0
0
0
0
0
wall 1200 920 40 0 0 0
0
thorn 1200 1000 40 0 0 0
wall 1200 1040 40 0 0 0
0
0
0
0
0
0
0
0
0
0
0
0
0
0
0
0
0
0
0
0
0
0
0
0
0
thorn 1240 1000 40 0 0 0
wall 1240 1040 40 0 0 0
0
0
0
0
0
0
0
0
0
0
0
0
0
0
0
0
0
0
0
0
0
0
wall 1280 880 40 0 0 0
0
0
thorn 1280 1000 40 0 0 0
wall 1280 1040 40 0 0 0
0
0
0
0
0
0
0
0
0
0
0
0
0
0
0
0
0
0
0
0
0
0
wall 1320 880 40 0 0 0
0
0
thorn 1320 1000 40 0 0 0
wall 1320 1040 40 0 0 0
0
0
0
0
0
0
0
0
0
0
0
0
0
0
0
0
0
0
0
0
0
0
0
0
0
thorn 1360 1000 40 0 0 0
wall 1360 1040 40 0 0 0
0
0
0
0
0
0
0
0
0
0
0
0
0
0
0
0
0
0
0
0
0
0
0
0
0
thorn 1400 1000 40 0 0 0
wall 1400 1040 40 0 0 0
0
0
0
0
0
0
0
0
0
0
0
0
0
0
0
0
0
0
0
0
0
wall 1440 840 40 0 0 0
0
0
0
thorn 1440 1000 40 0 0 0
wall 1440 1040 40 0 0 0
0
0
0
0
0
0
0
0
0
0
0
0
0
0
0
0
0
0
0
0
0
0
0
0
0
thorn 1480 1000 40 0 0 0
wall 1480 1040 40 0 0 0
0
0
0
0
0
0
0
0
0
0
0
0
0
0
0
0
0
0
0
0
0
0
0
0
0
thorn 1520 1000 40 0 0 0
wall 1520 1040 40 0 0 0
0
0
0
0
0
0
0
0
0
0
0
0
0
0
0
0
0
0
0
0
0
wall 1560 840 40 0 0 0
0
0
0
thorn 1560 1000 40 0 0 0
wall 1560 1040 40 0 0 0
0
0
0
0
0
0
0
0
0
0
0
0
0
0
0
0
0
0
0
0
0
0
0
0
0
thorn 1600 1000 40 0 0 0
wall 1600 1040 40 0 0 0
0
0
0
0
0
0
0
0
0
0
0
0
0
0
0
0
0
0
0
0
0
0
0
0
0
thorn 1640 1000 40 0 0 0
wall 1640 1040 40 0 0 0
0
0
0
0
0
0
0
0
0
0
0
0
0
0
0
0
0
0
0
0
0
0
0
0
0
thorn 1680 1000 40 0 0 0
wall 1680 1040 40 0 0 0
0
0
0
0
0
0
0
0
0
0
0
0
0
0
0
0
0
0
0
0
0
0
0
0
0
thorn 1720 1000 40 0 0 0
wall 1720 1040 40 0 0 0
0
0
0
0
0
0
0
0
0
0
0
0
0
0
0
0
0
wall 1760 680 40 0 0 0
0
0
0
wall 1760 840 40 0 0 0
0
0
0
thorn 1760 1000 40 0 0 0
wall 1760 1040 40 0 0 0
0
0
0
0
0
0
0
0
0
0
0
0
0
0
0
0
0
wall 1800 680 40 0 0 0
0
0
0
wall 1800 840 40 0 0 0
0
0
0
thorn 1800 1000 40 0 0 0
wall 1800 1040 40 0 0 0
0
0
0
0
0
0
0
0
0
0
0
0
0
0
0
0
0
wall 1840 680 40 0 0 0
0
star 1840 760 40 0 0 0
0
wall 1840 840 40 0 0 0
0
0
0
thorn 1840 1000 40 0 0 0
wall 1840 1040 40 0 0 0
0
0
0
0
0
0
0
0
0
0
0
0
0
0
0
0
0
wall 1880 680 40 0 0 0
0
0
0
wall 1880 840 40 0 0 0
wall 1880 880 40 0 0 0
wall 1880 920 40 0 0 0
wall 1880 960 40 0 0 0
wall 1880 1000 40 0 0 0
wall 1880 1040 40 0 0 0
