1920 1080 40
하연 백지 바탕.PNG
0
0
0
0
0
0
0
0
0
0
0
0
0
0
0
0
0
0
wall 0 720 40 0 0 0
wall 0 760 40 0 0 0
wall 0 800 40 0 0 0
wall 0 840 40 0 0 0
wall 0 880 40 0 0 0
wall 0 920 40 0 0 0
wall 0 960 40 0 0 0
wall 0 1000 40 0 0 0
wall 0 1040 40 0 0 0
0
0
0
0
0
0
0
0
0
0
0
0
0
0
0
0
0
0
wall 40 720 40 0 0 0
0
0
0
0
0
wall 40 960 40 0 0 0
wall 40 1000 40 0 0 0
wall 40 1040 40 0 0 0
0
0
0
0
0
0
0
0
0
0
0
0
0
0
0
0
0
0
wall 80 720 40 0 0 0
0
0
0
ball 80 880 40 0 0 0
0
wall 80 960 40 0 0 0
wall 80 1000 40 0 0 0
wall 80 1040 40 0 0 0
wall 120 0 40 0 0 0
wall 120 40 40 0 0 0
wall 120 80 40 0 0 0
wall 120 120 40 0 0 0
wall 120 160 40 0 0 0
wall 120 200 40 0 0 0
wall 120 240 40 0 0 0
wall 120 280 40 0 0 0
wall 120 320 40 0 0 0
wall 120 360 40 0 0 0
wall 120 400 40 0 0 0
wall 120 440 40 0 0 0
wall 120 480 40 0 0 0
wall 120 520 40 0 0 0
wall 120 560 40 0 0 0
wall 120 600 40 0 0 0
wall 120 640 40 0 0 0
wall 120 680 40 0 0 0
wall 120 720 40 0 0 0
0
0
0
0
0
wall 120 960 40 0 0 0
wall 120 1000 40 0 0 0
wall 120 1040 40 0 0 0
wall 160 0 40 0 0 0
wall 160 40 40 0 0 0
wall 160 80 40 0 0 0
wall 160 120 40 0 0 0
wall 160 160 40 0 0 0
wall 160 200 40 0 0 0
blckhole 160 240 40 0 0 0
blckhole 160 280 40 0 0 0
blckhole 160 320 40 0 0 0
blckhole 160 360 40 0 0 0
blckhole 160 400 40 0 0 0
blckhole 160 440 40 0 0 0
blckhole 160 480 40 0 0 0
blckhole 160 520 40 0 0 0
blckhole 160 560 40 0 0 0
blckhole 160 600 40 0 0 0
blckhole 160 640 40 0 0 0
blckhole 160 680 40 0 0 0
wall 160 720 40 0 0 0
0
0
0
0
0
0
thorn 160 1000 40 0 0 0
wall 160 1040 40 0 0 0
wall 200 0 40 0 0 0
0
0
0
0
0
0
0
0
spring 200 360 40 0 0 0
0
0
0
spring 200 520 40 0 0 0
0
0
0
spring 200 680 40 0 0 0
wall 200 720 40 0 0 0
0
0
0
0
0
0
thorn 200 1000 40 0 0 0
wall 200 1040 40 0 0 0
wall 240 0 40 0 0 0
0
0
0
0
0
0
0
0
0
0
0
0
0
0
0
0
0
0
0
0
0
0
0
0
thorn 240 1000 40 0 0 0
wall 240 1040 40 0 0 0
wall 280 0 40 0 0 0
0
0
0
0
0
0
0
0
0
0
0
0
0
0
0
0
0
0
0
0
0
0
0
0
thorn 280 1000 40 0 0 0
wall 280 1040 40 0 0 0
wall 320 0 40 0 0 0
0
0
0
0
0
0
spring 320 280 40 0 0 0
0
0
0
spring 320 440 40 0 0 0
0
0
0
spring 320 600 40 0 0 0
0
0
0
spring 320 760 40 0 0 0
0
0
0
0
fakewal 320 960 40 0 0 0
thorn 320 1000 40 0 0 0
wall 320 1040 40 0 0 0
wall 360 0 40 0 0 0
0
0
0
0
wall 360 200 40 0 0 0
blckhole 360 240 40 0 0 0
blckhole 360 280 40 0 0 0
blckhole 360 320 40 0 0 0
blckhole 360 360 40 0 0 0
blckhole 360 400 40 0 0 0
blckhole 360 440 40 0 0 0
blckhole 360 480 40 0 0 0
blckhole 360 520 40 0 0 0
blckhole 360 560 40 0 0 0
wall 360 600 40 0 0 0
0
0
0
0
0
0
0
0
0
thorn 360 1000 40 0 0 0
wall 360 1040 40 0 0 0
wall 400 0 40 0 0 0
0
0
0
0
wall 400 200 40 0 0 0
wall 400 240 40 0 0 0
wall 400 280 40 0 0 0
wall 400 320 40 0 0 0
wall 400 360 40 0 0 0
wall 400 400 40 0 0 0
wall 400 440 40 0 0 0
wall 400 480 40 0 0 0
wall 400 520 40 0 0 0
wall 400 560 40 0 0 0
wall 400 600 40 0 0 0
0
0
0
0
0
0
0
0
0
thorn 400 1000 40 0 0 0
wall 400 1040 40 0 0 0
wall 440 0 40 0 0 0
0
0
0
0
0
thorn 440 240 40 0 0 0
wall 440 280 40 0 0 0
0
0
0
0
0
0
0
wall 440 600 40 0 0 0
0
0
0
0
0
spring 440 840 40 0 0 0
0
0
0
thorn 440 1000 40 0 0 0
wall 440 1040 40 0 0 0
wall 480 0 40 0 0 0
0
0
0
0
0
thorn 480 240 40 0 0 0
wall 480 280 40 0 0 0
0
0
0
0
0
0
0
wall 480 600 40 0 0 0
0
0
0
0
0
0
0
0
0
thorn 480 1000 40 0 0 0
wall 480 1040 40 0 0 0
wall 520 0 40 0 0 0
0
0
0
0
0
thorn 520 240 40 0 0 0
wall 520 280 40 0 0 0
0
0
0
0
0
0
0
wall 520 600 40 0 0 0
0
0
0
0
0
0
0
0
spring 520 960 40 0 0 0
wall 520 1000 40 0 0 0
wall 520 1040 40 0 0 0
wall 560 0 40 0 0 0
0
0
0
0
0
thorn 560 240 40 0 0 0
wall 560 280 40 0 0 0
0
0
0
0
0
0
0
wall 560 600 40 0 0 0
wall 560 640 40 0 0 0
wall 560 680 40 0 0 0
wall 560 720 40 0 0 0
wall 560 760 40 0 0 0
wall 560 800 40 0 0 0
wall 560 840 40 0 0 0
wall 560 880 40 0 0 0
wall 560 920 40 0 0 0
wall 560 960 40 0 0 0
wall 560 1000 40 0 0 0
wall 560 1040 40 0 0 0
wall 600 0 40 0 0 0
0
0
0
0
fakewal 600 200 40 0 0 0
thorn 600 240 40 0 0 0
wall 600 280 40 0 0 0
0
0
0
0
0
0
0
0
0
0
0
0
0
0
0
0
0
0
0
wall 640 0 40 0 0 0
0
0
0
0
0
thorn 640 240 40 0 0 0
wall 640 280 40 0 0 0
0
0
0
0
0
0
0
0
0
0
0
0
0
0
0
0
0
0
0
wall 680 0 40 0 0 0
0
0
0
0
0
thorn 680 240 40 0 0 0
wall 680 280 40 0 0 0
0
0
0
0
0
0
0
0
0
0
0
0
0
0
0
0
0
0
0
wall 720 0 40 0 0 0
0
0
0
0
0
thorn 720 240 40 0 0 0
wall 720 280 40 0 0 0
0
0
0
0
0
0
0
0
0
0
0
0
0
0
0
0
0
0
0
wall 760 0 40 0 0 0
0
0
0
0
0
thorn 760 240 40 0 0 0
wall 760 280 40 0 0 0
0
0
0
0
0
0
0
0
0
0
0
0
0
0
0
0
0
0
0
wall 800 0 40 0 0 0
0
0
0
0
wall 800 200 40 0 0 0
wall 800 240 40 0 0 0
wall 800 280 40 0 0 0
0
0
0
0
0
0
0
0
0
0
0
0
0
0
0
0
0
0
0
wall 840 0 40 0 0 0
0
0
0
0
wall 840 200 40 0 0 0
wall 840 240 40 0 0 0
wall 840 280 40 0 0 0
wall 840 320 40 0 0 0
wall 840 360 40 0 0 0
wall 840 400 40 0 0 0
wall 840 440 40 0 0 0
wall 840 480 40 0 0 0
wall 840 520 40 0 0 0
wall 840 560 40 0 0 0
wall 840 600 40 0 0 0
wall 840 640 40 0 0 0
wall 840 680 40 0 0 0
wall 840 720 40 0 0 0
wall 840 760 40 0 0 0
wall 840 800 40 0 0 0
wall 840 840 40 0 0 0
wall 840 880 40 0 0 0
wall 840 920 40 0 0 0
wall 840 960 40 0 0 0
wall 840 1000 40 0 0 0
wall 840 1040 40 0 0 0
wall 880 0 40 0 0 0
0
0
0
0
0
0
fakewal 880 280 40 0 0 0
blckhole 880 320 40 0 0 0
0
0
0
0
fakewal 880 520 40 0 0 0
blckhole 880 560 40 0 0 0
0
0
0
0
fakewal 880 760 40 0 0 0
blckhole 880 800 40 0 0 0
0
thorn 880 880 40 0 0 0
wall 880 920 40 0 0 0
0
0
0
wall 920 0 40 0 0 0
0
0
0
0
0
0
0
0
0
0
0
0
0
0
0
0
0
0
0
0
0
thorn 920 880 40 0 0 0
wall 920 920 40 0 0 0
0
0
0
wall 960 0 40 0 0 0
0
0
0
0
0
0
0
0
0
0
0
0
0
0
0
0
0
0
0
0
0
0
wall 960 920 40 0 0 0
0
0
0
wall 1000 0 40 0 0 0
0
0
0
0
0
0
0
0
0
fakewal 1000 400 40 0 0 0
blckhole 1000 440 40 0 0 0
0
0
0
0
fakewal 1000 640 40 0 0 0
blckhole 1000 680 40 0 0 0
0
0
0
0
0
wall 1000 920 40 0 0 0
0
0
0
wall 1040 0 40 0 0 0
wall 1040 40 40 0 0 0
wall 1040 80 40 0 0 0
wall 1040 120 40 0 0 0
wall 1040 160 40 0 0 0
wall 1040 200 40 0 0 0
wall 1040 240 40 0 0 0
wall 1040 280 40 0 0 0
wall 1040 320 40 0 0 0
wall 1040 360 40 0 0 0
wall 1040 400 40 0 0 0
wall 1040 440 40 0 0 0
wall 1040 480 40 0 0 0
wall 1040 520 40 0 0 0
wall 1040 560 40 0 0 0
wall 1040 600 40 0 0 0
wall 1040 640 40 0 0 0
wall 1040 680 40 0 0 0
wall 1040 720 40 0 0 0
wall 1040 760 40 0 0 0
0
0
0
wall 1040 920 40 0 0 0
0
0
0
0
0
0
0
0
0
0
0
0
0
0
0
0
0
0
0
0
0
0
wall 1080 760 40 0 0 0
0
0
0
wall 1080 920 40 0 0 0
wall 1080 960 40 0 0 0
wall 1080 1000 40 0 0 0
wall 1080 1040 40 0 0 0
0
0
0
0
0
0
0
0
0
0
0
0
0
0
0
0
0
0
0
wall 1120 760 40 0 0 0
0
0
0
movewal 1120 920 40 0 1440 920
thorn 1120 960 40 0 0 0
wall 1120 1000 40 0 0 0
wall 1120 1040 40 0 0 0
0
0
0
0
0
0
0
0
0
0
0
0
0
0
0
0
0
0
0
wall 1160 760 40 0 0 0
0
0
0
0
thorn 1160 960 40 0 0 0
wall 1160 1000 40 0 0 0
wall 1160 1040 40 0 0 0
0
0
0
0
0
0
0
0
0
0
0
0
0
0
0
0
0
0
0
wall 1200 760 40 0 0 0
0
0
0
0
thorn 1200 960 40 0 0 0
wall 1200 1000 40 0 0 0
wall 1200 1040 40 0 0 0
0
0
0
0
0
0
0
0
0
0
0
0
0
0
0
0
0
0
0
wall 1240 760 40 0 0 0
0
0
0
0
thorn 1240 960 40 0 0 0
wall 1240 1000 40 0 0 0
wall 1240 1040 40 0 0 0
0
0
0
0
0
0
0
0
0
0
0
0
0
0
0
0
0
0
0
wall 1280 760 40 0 0 0
0
0
0
0
thorn 1280 960 40 0 0 0
wall 1280 1000 40 0 0 0
wall 1280 1040 40 0 0 0
0
0
0
0
0
0
0
0
0
0
0
0
0
0
0
0
0
0
0
wall 1320 760 40 0 0 0
0
0
0
0
thorn 1320 960 40 0 0 0
wall 1320 1000 40 0 0 0
wall 1320 1040 40 0 0 0
0
0
0
0
0
0
0
0
0
0
0
0
0
0
0
0
0
0
0
wall 1360 760 40 0 0 0
0
0
0
0
thorn 1360 960 40 0 0 0
wall 1360 1000 40 0 0 0
wall 1360 1040 40 0 0 0
0
0
0
0
0
0
0
0
0
0
0
0
0
0
0
0
0
0
0
wall 1400 760 40 0 0 0
0
0
0
0
thorn 1400 960 40 0 0 0
wall 1400 1000 40 0 0 0
wall 1400 1040 40 0 0 0
0
0
0
0
0
0
0
0
0
0
0
0
0
0
0
0
0
0
0
wall 1440 760 40 0 0 0
0
0
0
endpoint 1440 920 40 0 1120 920
thorn 1440 960 40 0 0 0
wall 1440 1000 40 0 0 0
wall 1440 1040 40 0 0 0
0
0
0
0
0
0
0
0
0
0
0
0
0
0
0
0
0
0
0
wall 1480 760 40 0 0 0
0
0
0
0
thorn 1480 960 40 0 0 0
wall 1480 1000 40 0 0 0
wall 1480 1040 40 0 0 0
0
0
0
0
0
0
0
0
0
0
0
0
0
0
0
0
0
0
0
wall 1520 760 40 0 0 0
0
0
0
0
thorn 1520 960 40 0 0 0
wall 1520 1000 40 0 0 0
wall 1520 1040 40 0 0 0
0
0
0
0
0
0
0
0
0
0
0
0
0
0
0
0
0
0
0
wall 1560 760 40 0 0 0
wall 1560 800 40 0 0 0
0
0
wall 1560 920 40 0 0 0
wall 1560 960 40 0 0 0
wall 1560 1000 40 0 0 0
wall 1560 1040 40 0 0 0
0
0
0
0
0
0
0
0
0
0
0
0
0
0
0
0
0
0
0
wall 1600 760 40 0 0 0
blckhole 1600 800 40 0 0 0
0
0
magnetic 1600 920 40 0 0 0
wall 1600 960 40 0 0 0
0
0
0
0
0
0
0
0
0
0
0
0
0
0
0
0
0
0
0
0
0
wall 1640 760 40 0 0 0
blckhole 1640 800 40 0 0 0
0
0
magnetic 1640 920 40 0 0 0
wall 1640 960 40 0 0 0
0
0
0
0
0
0
0
0
0
0
0
0
0
0
0
0
0
0
0
0
0
wall 1680 760 40 0 0 0
blckhole 1680 800 40 0 0 0
0
0
magnetic 1680 920 40 0 0 0
wall 1680 960 40 0 0 0
0
0
0
0
0
0
0
0
0
0
0
0
0
0
0
0
0
0
0
0
0
wall 1720 760 40 0 0 0
blckhole 1720 800 40 0 0 0
0
0
magnetic 1720 920 40 0 0 0
wall 1720 960 40 0 0 0
0
0
0
0
0
0
0
0
0
0
0
0
0
0
0
0
0
0
0
0
0
wall 1760 760 40 0 0 0
wall 1760 800 40 0 0 0
0
0
wall 1760 920 40 0 0 0
wall 1760 960 40 0 0 0
wall 1760 1000 40 0 0 0
wall 1760 1040 40 0 0 0
0
0
0
0
0
0
0
0
0
0
0
0
0
0
0
0
0
0
0
wall 1800 760 40 0 0 0
0
0
0
wall 1800 920 40 0 0 0
0
0
0
0
0
0
0
0
0
0
0
0
0
0
0
0
0
0
0
0
0
0
wall 1840 760 40 0 0 0
0
star 1840 840 40 0 0 0
0
wall 1840 920 40 0 0 0
0
0
0
0
0
0
0
0
0
0
0
0
0
0
0
0
0
0
0
0
0
0
wall 1880 760 40 0 0 0
0
0
0
wall 1880 920 40 0 0 0
wall 1880 960 40 0 0 0
wall 1880 1000 40 0 0 0
wall 1880 1040 40 0 0 0
