1920 1080 40
하연 백지 바탕.PNG
wall 0 0 40 0 0 0
wall 0 40 40 0 0 0
wall 0 80 40 0 0 0
wall 0 120 40 0 0 0
wall 0 160 40 0 0 0
wall 0 200 40 0 0 0
wall 0 240 40 0 0 0
wall 0 280 40 0 0 0
wall 0 320 40 0 0 0
wall 0 360 40 0 0 0
wall 0 400 40 0 0 0
wall 0 440 40 0 0 0
wall 0 480 40 0 0 0
wall 0 520 40 0 0 0
wall 0 560 40 0 0 0
wall 0 600 40 0 0 0
wall 0 640 40 0 0 0
wall 0 680 40 0 0 0
wall 0 720 40 0 0 0
wall 0 760 40 0 0 0
wall 0 800 40 0 0 0
wall 0 840 40 0 0 0
wall 0 880 40 0 0 0
wall 0 920 40 0 0 0
wall 0 960 40 0 0 0
wall 0 1000 40 0 0 0
wall 0 1040 40 0 0 0
0
0
0
0
0
0
0
0
0
0
0
0
0
0
0
0
0
0
0
0
0
0
0
0
wall 40 960 40 0 0 0
wall 40 1000 40 0 0 0
wall 40 1040 40 0 0 0
0
0
0
0
0
0
0
0
0
0
0
0
0
0
0
0
0
0
0
0
0
0
ball 80 880 40 0 0 0
0
wall 80 960 40 0 0 0
wall 80 1000 40 0 0 0
wall 80 1040 40 0 0 0
0
0
0
0
0
0
0
0
0
0
0
wall 120 440 40 0 0 0
0
0
0
0
0
0
0
0
0
0
0
0
wall 120 960 40 0 0 0
wall 120 1000 40 0 0 0
wall 120 1040 40 0 0 0
0
0
0
0
0
0
0
0
0
wall 160 360 40 0 0 0
0
0
wall 160 480 40 0 0 0
0
0
0
0
0
0
0
0
0
0
0
0
thorn 160 1000 40 0 0 0
wall 160 1040 40 0 0 0
0
0
0
0
0
0
0
0
wall 200 320 40 0 0 0
0
0
0
0
0
0
0
0
0
0
0
0
0
0
0
0
thorn 200 1000 40 0 0 0
wall 200 1040 40 0 0 0
0
0
0
0
0
0
0
0
0
0
0
0
0
0
0
0
0
0
0
0
0
0
0
0
0
thorn 240 1000 40 0 0 0
wall 240 1040 40 0 0 0
0
0
0
0
0
0
0
wall 280 280 40 0 0 0
0
0
0
0
0
0
0
spring 280 600 40 0 0 0
0
0
0
0
0
0
0
0
0
thorn 280 1000 40 0 0 0
wall 280 1040 40 0 0 0
0
0
0
0
0
0
0
movewal 320 280 40 0 640 280
0
0
0
0
0
0
0
0
0
0
0
0
0
0
0
0
fakewal 320 960 40 0 0 0
thorn 320 1000 40 0 0 0
wall 320 1040 40 0 0 0
0
0
0
0
0
0
0
0
0
0
0
0
0
0
0
0
0
0
0
0
0
0
0
0
0
thorn 360 1000 40 0 0 0
wall 360 1040 40 0 0 0
0
0
0
0
0
0
0
0
0
0
0
0
0
0
0
0
0
spring 400 680 40 0 0 0
0
0
0
0
0
0
0
thorn 400 1000 40 0 0 0
wall 400 1040 40 0 0 0
0
0
0
0
0
0
0
0
0
0
0
0
0
0
0
0
0
0
0
0
0
0
0
0
0
thorn 440 1000 40 0 0 0
wall 440 1040 40 0 0 0
0
0
0
0
0
0
0
0
0
0
0
0
0
0
0
0
0
0
0
0
0
0
0
0
0
thorn 480 1000 40 0 0 0
wall 480 1040 40 0 0 0
0
0
0
0
0
0
0
0
0
0
0
0
0
0
0
0
0
0
0
spring 520 760 40 0 0 0
0
0
0
0
fakewal 520 960 40 0 0 0
thorn 520 1000 40 0 0 0
wall 520 1040 40 0 0 0
0
0
0
0
0
0
0
0
0
0
0
0
0
0
0
0
0
0
0
0
0
0
0
0
0
thorn 560 1000 40 0 0 0
wall 560 1040 40 0 0 0
0
0
0
0
0
0
0
0
0
0
0
0
0
0
0
0
0
0
0
0
0
0
0
0
0
thorn 600 1000 40 0 0 0
wall 600 1040 40 0 0 0
0
0
0
0
0
0
0
endpoint 640 280 40 0 320 280
0
0
0
0
0
0
0
0
0
0
0
0
0
spring 640 840 40 0 0 0
0
0
0
thorn 640 1000 40 0 0 0
wall 640 1040 40 0 0 0
0
0
0
0
0
0
0
0
0
0
0
0
0
0
0
0
0
0
0
0
0
0
0
0
0
thorn 680 1000 40 0 0 0
wall 680 1040 40 0 0 0
0
0
0
0
0
0
0
0
0
0
0
0
0
0
0
0
0
0
0
0
0
0
0
0
spring 720 960 40 0 0 0
wall 720 1000 40 0 0 0
wall 720 1040 40 0 0 0
0
0
0
0
0
0
0
wall 760 280 40 0 0 0
wall 760 320 40 0 0 0
wall 760 360 40 0 0 0
wall 760 400 40 0 0 0
wall 760 440 40 0 0 0
wall 760 480 40 0 0 0
wall 760 520 40 0 0 0
wall 760 560 40 0 0 0
wall 760 600 40 0 0 0
wall 760 640 40 0 0 0
wall 760 680 40 0 0 0
wall 760 720 40 0 0 0
wall 760 760 40 0 0 0
wall 760 800 40 0 0 0
wall 760 840 40 0 0 0
wall 760 880 40 0 0 0
wall 760 920 40 0 0 0
wall 760 960 40 0 0 0
wall 760 1000 40 0 0 0
wall 760 1040 40 0 0 0
0
0
0
0
0
0
0
0
0
0
thorn 800 400 40 0 0 0
wall 800 440 40 0 0 0
0
0
0
0
0
0
0
0
0
0
0
0
0
0
0
0
0
0
0
0
0
0
0
0
0
thorn 840 400 40 0 0 0
wall 840 440 40 0 0 0
0
0
0
0
0
0
0
0
0
0
0
0
0
0
0
0
0
0
0
0
0
0
0
0
fakewal 880 360 40 0 0 0
thorn 880 400 40 0 0 0
wall 880 440 40 0 0 0
0
0
0
0
0
0
0
0
0
0
0
0
0
0
0
0
0
0
0
0
0
0
0
0
0
thorn 920 400 40 0 0 0
wall 920 440 40 0 0 0
0
0
0
0
0
0
0
0
0
0
0
0
0
0
0
0
0
0
0
0
0
0
0
0
0
thorn 960 400 40 0 0 0
wall 960 440 40 0 0 0
0
0
0
0
0
0
0
0
0
0
0
0
0
0
0
0
0
0
0
0
0
0
0
fakewal 1000 320 40 0 0 0
0
thorn 1000 400 40 0 0 0
wall 1000 440 40 0 0 0
wall 1000 480 40 0 0 0
wall 1000 520 40 0 0 0
wall 1000 560 40 0 0 0
wall 1000 600 40 0 0 0
wall 1000 640 40 0 0 0
wall 1000 680 40 0 0 0
wall 1000 720 40 0 0 0
wall 1000 760 40 0 0 0
wall 1000 800 40 0 0 0
wall 1000 840 40 0 0 0
wall 1000 880 40 0 0 0
wall 1000 920 40 0 0 0
wall 1000 960 40 0 0 0
wall 1000 1000 40 0 0 0
wall 1000 1040 40 0 0 0
0
0
0
0
0
0
0
0
0
0
0
0
fakewal 1040 480 40 0 0 0
0
0
thorn 1040 600 40 0 0 0
wall 1040 640 40 0 0 0
0
0
0
0
0
0
0
0
0
0
0
0
0
0
0
0
0
0
0
0
0
0
0
0
0
thorn 1080 600 40 0 0 0
wall 1080 640 40 0 0 0
0
0
0
0
0
0
0
0
0
0
0
0
0
wall 1120 120 40 0 0 0
wall 1120 160 40 0 0 0
wall 1120 200 40 0 0 0
blckhole 1120 240 40 0 0 0
blckhole 1120 280 40 0 0 0
blckhole 1120 320 40 0 0 0
blckhole 1120 360 40 0 0 0
0
0
0
0
fakewal 1120 560 40 0 0 0
thorn 1120 600 40 0 0 0
wall 1120 640 40 0 0 0
0
0
0
0
0
0
0
0
0
0
0
0
0
wall 1160 120 40 0 0 0
wall 1160 160 40 0 0 0
wall 1160 200 40 0 0 0
wall 1160 240 40 0 0 0
wall 1160 280 40 0 0 0
wall 1160 320 40 0 0 0
blckhole 1160 360 40 0 0 0
0
0
0
0
0
thorn 1160 600 40 0 0 0
wall 1160 640 40 0 0 0
0
0
0
0
0
0
0
0
0
0
0
0
0
0
0
wall 1200 200 40 0 0 0
wall 1200 240 40 0 0 0
wall 1200 280 40 0 0 0
wall 1200 320 40 0 0 0
blckhole 1200 360 40 0 0 0
0
0
0
0
0
thorn 1200 600 40 0 0 0
wall 1200 640 40 0 0 0
0
0
0
0
0
0
0
0
0
0
0
0
0
0
0
wall 1240 200 40 0 0 0
wall 1240 240 40 0 0 0
wall 1240 280 40 0 0 0
wall 1240 320 40 0 0 0
blckhole 1240 360 40 0 0 0
0
0
0
fakewal 1240 520 40 0 0 0
0
thorn 1240 600 40 0 0 0
wall 1240 640 40 0 0 0
wall 1240 680 40 0 0 0
wall 1240 720 40 0 0 0
wall 1240 760 40 0 0 0
wall 1240 800 40 0 0 0
wall 1240 840 40 0 0 0
wall 1240 880 40 0 0 0
wall 1240 920 40 0 0 0
wall 1240 960 40 0 0 0
wall 1240 1000 40 0 0 0
wall 1240 1040 40 0 0 0
0
0
0
0
0
wall 1280 200 40 0 0 0
wall 1280 240 40 0 0 0
wall 1280 280 40 0 0 0
wall 1280 320 40 0 0 0
blckhole 1280 360 40 0 0 0
0
0
0
0
0
0
0
0
fakewal 1280 720 40 0 0 0
0
0
0
0
thorn 1280 920 40 0 0 0
wall 1280 960 40 0 0 0
0
0
0
0
0
0
0
0
0
0
wall 1320 320 40 0 0 0
blckhole 1320 360 40 0 0 0
0
0
0
0
0
0
0
0
0
0
0
0
0
thorn 1320 920 40 0 0 0
wall 1320 960 40 0 0 0
0
0
0
0
0
0
0
0
0
0
wall 1360 320 40 0 0 0
blckhole 1360 360 40 0 0 0
blckhole 1360 400 40 0 0 0
blckhole 1360 440 40 0 0 0
blckhole 1360 480 40 0 0 0
blckhole 1360 520 40 0 0 0
blckhole 1360 560 40 0 0 0
0
0
0
0
0
0
0
0
thorn 1360 920 40 0 0 0
wall 1360 960 40 0 0 0
0
0
0
0
0
0
0
0
0
0
wall 1400 320 40 0 0 0
wall 1400 360 40 0 0 0
wall 1400 400 40 0 0 0
wall 1400 440 40 0 0 0
wall 1400 480 40 0 0 0
wall 1400 520 40 0 0 0
blckhole 1400 560 40 0 0 0
0
0
0
0
0
0
fakewal 1400 840 40 0 0 0
0
thorn 1400 920 40 0 0 0
wall 1400 960 40 0 0 0
0
0
0
0
0
0
0
0
0
0
wall 1440 320 40 0 0 0
wall 1440 360 40 0 0 0
wall 1440 400 40 0 0 0
wall 1440 440 40 0 0 0
wall 1440 480 40 0 0 0
wall 1440 520 40 0 0 0
blckhole 1440 560 40 0 0 0
0
0
0
0
0
0
0
0
thorn 1440 920 40 0 0 0
wall 1440 960 40 0 0 0
0
0
0
0
0
0
0
0
0
0
wall 1480 320 40 0 0 0
wall 1480 360 40 0 0 0
wall 1480 400 40 0 0 0
wall 1480 440 40 0 0 0
wall 1480 480 40 0 0 0
wall 1480 520 40 0 0 0
blckhole 1480 560 40 0 0 0
0
0
0
0
0
0
0
0
thorn 1480 920 40 0 0 0
wall 1480 960 40 0 0 0
0
0
0
0
0
0
0
0
0
0
0
0
0
0
0
wall 1520 520 40 0 0 0
wall 1520 560 40 0 0 0
0
0
0
0
0
0
0
0
thorn 1520 920 40 0 0 0
wall 1520 960 40 0 0 0
0
0
0
0
0
0
0
0
0
0
0
0
0
0
0
wall 1560 520 40 0 0 0
wall 1560 560 40 0 0 0
0
0
0
0
0
0
0
0
thorn 1560 920 40 0 0 0
wall 1560 960 40 0 0 0
0
0
0
0
0
0
0
0
0
0
0
0
0
0
0
wall 1600 520 40 0 0 0
wall 1600 560 40 0 0 0
0
0
0
0
0
0
0
fakewal 1600 880 40 0 0 0
thorn 1600 920 40 0 0 0
wall 1600 960 40 0 0 0
0
0
0
0
0
0
0
0
0
0
0
0
0
0
0
wall 1640 520 40 0 0 0
wall 1640 560 40 0 0 0
0
0
0
0
0
0
0
0
thorn 1640 920 40 0 0 0
wall 1640 960 40 0 0 0
0
0
0
0
0
0
0
0
0
0
0
0
0
0
0
wall 1680 520 40 0 0 0
wall 1680 560 40 0 0 0
0
0
0
0
0
0
0
0
thorn 1680 920 40 0 0 0
wall 1680 960 40 0 0 0
0
0
0
0
0
0
0
0
0
0
0
0
0
0
0
wall 1720 520 40 0 0 0
wall 1720 560 40 0 0 0
0
0
0
0
0
0
0
0
thorn 1720 920 40 0 0 0
wall 1720 960 40 0 0 0
0
0
0
0
0
0
0
0
0
0
0
0
0
0
0
wall 1760 520 40 0 0 0
wall 1760 560 40 0 0 0
wall 1760 600 40 0 0 0
wall 1760 640 40 0 0 0
wall 1760 680 40 0 0 0
wall 1760 720 40 0 0 0
0
0
0
wall 1760 880 40 0 0 0
wall 1760 920 40 0 0 0
wall 1760 960 40 0 0 0
wall 1760 1000 40 0 0 0
wall 1760 1040 40 0 0 0
0
0
0
0
0
0
0
0
0
0
0
0
0
0
0
0
0
0
wall 1800 720 40 0 0 0
0
star 1800 800 40 0 0 0
0
wall 1800 880 40 0 0 0
0
0
0
0
0
0
0
0
0
0
0
0
0
0
0
0
0
0
0
0
0
0
wall 1840 720 40 0 0 0
0
0
0
wall 1840 880 40 0 0 0
0
0
0
0
0
0
0
0
0
0
0
0
0
0
0
0
0
0
0
0
0
0
wall 1880 720 40 0 0 0
0
0
0
wall 1880 880 40 0 0 0
0
0
0
0
