1920 1080 40
하연 백지 바탕.PNG
wall 0 0 40 0 0 0
wall 0 40 40 0 0 0
wall 0 80 40 0 0 0
wall 0 120 40 0 0 0
wall 0 160 40 0 0 0
wall 0 200 40 0 0 0
wall 0 240 40 0 0 0
wall 0 280 40 0 0 0
wall 0 320 40 0 0 0
wall 0 360 40 0 0 0
wall 0 400 40 0 0 0
wall 0 440 40 0 0 0
wall 0 480 40 0 0 0
wall 0 520 40 0 0 0
wall 0 560 40 0 0 0
wall 0 600 40 0 0 0
wall 0 640 40 0 0 0
wall 0 680 40 0 0 0
wall 0 720 40 0 0 0
wall 0 760 40 0 0 0
wall 0 800 40 0 0 0
wall 0 840 40 0 0 0
wall 0 880 40 0 0 0
wall 0 920 40 0 0 0
wall 0 960 40 0 0 0
wall 0 1000 40 0 0 0
wall 0 1040 40 0 0 0
wall 40 0 40 0 0 0
0
0
0
0
0
0
0
0
0
0
0
0
0
0
0
0
0
0
0
0
0
0
wall 40 920 40 0 0 0
wall 40 960 40 0 0 0
wall 40 1000 40 0 0 0
wall 40 1040 40 0 0 0
wall 80 0 40 0 0 0
0
0
0
0
0
0
0
0
0
0
0
0
0
0
0
0
0
0
0
0
ball 80 840 40 0 0 0
0
wall 80 920 40 0 0 0
wall 80 960 40 0 0 0
wall 80 1000 40 0 0 0
wall 80 1040 40 0 0 0
wall 120 0 40 0 0 0
thorn 120 40 40 0 0 0
0
0
0
0
0
0
0
0
0
0
0
0
0
0
0
0
0
0
0
0
0
wall 120 920 40 0 0 0
wall 120 960 40 0 0 0
wall 120 1000 40 0 0 0
wall 120 1040 40 0 0 0
wall 160 0 40 0 0 0
0
0
0
0
0
0
0
0
0
0
0
0
0
wall 160 560 40 0 0 0
wall 160 600 40 0 0 0
0
0
0
0
0
0
0
0
thorn 160 960 40 0 0 0
wall 160 1000 40 0 0 0
wall 160 1040 40 0 0 0
wall 200 0 40 0 0 0
0
0
0
0
0
0
0
0
0
0
0
0
0
thorn 200 560 40 0 0 0
wall 200 600 40 0 0 0
0
0
0
0
0
0
0
0
thorn 200 960 40 0 0 0
wall 200 1000 40 0 0 0
wall 200 1040 40 0 0 0
wall 240 0 40 0 0 0
0
0
0
0
0
0
wall 240 280 40 0 0 0
wall 240 320 40 0 0 0
wall 240 360 40 0 0 0
wall 240 400 40 0 0 0
wall 240 440 40 0 0 0
wall 240 480 40 0 0 0
0
thorn 240 560 40 0 0 0
wall 240 600 40 0 0 0
0
0
0
0
0
0
wall 240 880 40 0 0 0
0
thorn 240 960 40 0 0 0
wall 240 1000 40 0 0 0
wall 240 1040 40 0 0 0
wall 280 0 40 0 0 0
0
0
0
0
0
0
0
0
0
0
0
fakewal 280 480 40 0 0 0
0
thorn 280 560 40 0 0 0
wall 280 600 40 0 0 0
0
0
0
0
0
0
0
0
thorn 280 960 40 0 0 0
wall 280 1000 40 0 0 0
wall 280 1040 40 0 0 0
wall 320 0 40 0 0 0
0
0
0
0
0
0
0
0
0
0
0
fakewal 320 480 40 0 0 0
0
thorn 320 560 40 0 0 0
wall 320 600 40 0 0 0
0
0
0
0
0
wall 320 840 40 0 0 0
0
0
thorn 320 960 40 0 0 0
wall 320 1000 40 0 0 0
wall 320 1040 40 0 0 0
wall 360 0 40 0 0 0
0
0
0
0
0
wall 360 240 40 0 0 0
wall 360 280 40 0 0 0
wall 360 320 40 0 0 0
0
0
wall 360 440 40 0 0 0
wall 360 480 40 0 0 0
0
thorn 360 560 40 0 0 0
wall 360 600 40 0 0 0
0
0
0
0
0
0
0
0
thorn 360 960 40 0 0 0
wall 360 1000 40 0 0 0
wall 360 1040 40 0 0 0
wall 400 0 40 0 0 0
0
0
0
0
0
movewal 400 240 40 0 920 240
thorn 400 280 40 0 0 0
wall 400 320 40 0 0 0
0
0
0
0
0
thorn 400 560 40 0 0 0
wall 400 600 40 0 0 0
0
0
0
0
0
0
0
0
thorn 400 960 40 0 0 0
wall 400 1000 40 0 0 0
wall 400 1040 40 0 0 0
wall 440 0 40 0 0 0
0
0
0
0
0
0
thorn 440 280 40 0 0 0
wall 440 320 40 0 0 0
0
0
0
0
spring 440 520 40 0 0 0
thorn 440 560 40 0 0 0
wall 440 600 40 0 0 0
0
0
0
0
0
0
0
0
thorn 440 960 40 0 0 0
wall 440 1000 40 0 0 0
wall 440 1040 40 0 0 0
wall 480 0 40 0 0 0
0
0
0
0
0
0
thorn 480 280 40 0 0 0
wall 480 320 40 0 0 0
0
0
0
0
0
thorn 480 560 40 0 0 0
wall 480 600 40 0 0 0
0
0
0
0
0
0
wall 480 880 40 0 0 0
0
thorn 480 960 40 0 0 0
wall 480 1000 40 0 0 0
wall 480 1040 40 0 0 0
wall 520 0 40 0 0 0
0
0
0
0
0
0
thorn 520 280 40 0 0 0
wall 520 320 40 0 0 0
0
0
0
0
0
wall 520 560 40 0 0 0
wall 520 600 40 0 0 0
0
0
0
0
wall 520 800 40 0 0 0
0
0
0
thorn 520 960 40 0 0 0
wall 520 1000 40 0 0 0
wall 520 1040 40 0 0 0
wall 560 0 40 0 0 0
0
0
0
0
0
0
thorn 560 280 40 0 0 0
wall 560 320 40 0 0 0
0
0
0
0
0
0
0
0
0
0
0
wall 560 800 40 0 0 0
0
0
0
thorn 560 960 40 0 0 0
wall 560 1000 40 0 0 0
wall 560 1040 40 0 0 0
wall 600 0 40 0 0 0
0
0
0
0
0
0
thorn 600 280 40 0 0 0
wall 600 320 40 0 0 0
0
0
0
0
0
0
0
0
0
wall 600 720 40 0 0 0
0
0
0
0
0
thorn 600 960 40 0 0 0
wall 600 1000 40 0 0 0
wall 600 1040 40 0 0 0
wall 640 0 40 0 0 0
0
0
0
0
0
0
thorn 640 280 40 0 0 0
wall 640 320 40 0 0 0
0
0
0
0
0
0
0
0
spring 640 680 40 0 0 0
wall 640 720 40 0 0 0
0
0
0
0
0
thorn 640 960 40 0 0 0
wall 640 1000 40 0 0 0
wall 640 1040 40 0 0 0
wall 680 0 40 0 0 0
0
0
0
0
0
0
thorn 680 280 40 0 0 0
wall 680 320 40 0 0 0
wall 680 360 40 0 0 0
wall 680 400 40 0 0 0
wall 680 440 40 0 0 0
wall 680 480 40 0 0 0
wall 680 520 40 0 0 0
wall 680 560 40 0 0 0
wall 680 600 40 0 0 0
wall 680 640 40 0 0 0
wall 680 680 40 0 0 0
wall 680 720 40 0 0 0
wall 680 760 40 0 0 0
wall 680 800 40 0 0 0
wall 680 840 40 0 0 0
wall 680 880 40 0 0 0
wall 680 920 40 0 0 0
wall 680 960 40 0 0 0
wall 680 1000 40 0 0 0
wall 680 1040 40 0 0 0
wall 720 0 40 0 0 0
0
0
0
0
0
0
thorn 720 280 40 0 0 0
wall 720 320 40 0 0 0
0
0
0
0
0
0
0
0
0
0
0
0
0
0
0
0
0
0
wall 760 0 40 0 0 0
0
0
0
0
0
0
thorn 760 280 40 0 0 0
wall 760 320 40 0 0 0
0
0
0
0
0
0
0
0
0
0
0
0
0
0
0
0
0
0
wall 800 0 40 0 0 0
0
0
0
0
0
0
thorn 800 280 40 0 0 0
wall 800 320 40 0 0 0
0
0
0
0
0
0
0
0
0
0
0
0
0
0
0
0
0
0
wall 840 0 40 0 0 0
0
0
0
0
0
0
thorn 840 280 40 0 0 0
wall 840 320 40 0 0 0
0
0
0
0
0
0
0
0
0
0
0
0
0
0
0
0
0
0
wall 880 0 40 0 0 0
0
0
0
0
0
0
thorn 880 280 40 0 0 0
wall 880 320 40 0 0 0
0
0
0
0
0
0
0
0
0
0
0
0
0
0
0
0
0
0
wall 920 0 40 0 0 0
0
0
0
0
0
endpoint 920 240 40 0 400 240
thorn 920 280 40 0 0 0
wall 920 320 40 0 0 0
0
0
0
0
0
0
0
0
0
0
0
0
0
0
0
0
0
0
wall 960 0 40 0 0 0
0
0
0
0
0
wall 960 240 40 0 0 0
wall 960 280 40 0 0 0
wall 960 320 40 0 0 0
wall 960 360 40 0 0 0
wall 960 400 40 0 0 0
wall 960 440 40 0 0 0
wall 960 480 40 0 0 0
wall 960 520 40 0 0 0
wall 960 560 40 0 0 0
wall 960 600 40 0 0 0
wall 960 640 40 0 0 0
wall 960 680 40 0 0 0
wall 960 720 40 0 0 0
wall 960 760 40 0 0 0
wall 960 800 40 0 0 0
wall 960 840 40 0 0 0
wall 960 880 40 0 0 0
wall 960 920 40 0 0 0
wall 960 960 40 0 0 0
wall 960 1000 40 0 0 0
wall 960 1040 40 0 0 0
wall 1000 0 40 0 0 0
0
0
0
0
0
thorn 1000 240 40 0 0 0
wall 1000 280 40 0 0 0
0
0
0
0
0
0
0
0
0
0
0
0
0
0
0
0
0
thorn 1000 1000 40 0 0 0
wall 1000 1040 40 0 0 0
wall 1040 0 40 0 0 0
0
0
0
0
0
thorn 1040 240 40 0 0 0
wall 1040 280 40 0 0 0
0
0
0
0
0
0
0
0
0
0
0
0
0
0
0
0
0
thorn 1040 1000 40 0 0 0
wall 1040 1040 40 0 0 0
wall 1080 0 40 0 0 0
0
0
0
0
0
thorn 1080 240 40 0 0 0
wall 1080 280 40 0 0 0
0
0
0
0
0
0
0
0
0
0
0
0
0
0
0
0
0
thorn 1080 1000 40 0 0 0
wall 1080 1040 40 0 0 0
wall 1120 0 40 0 0 0
0
0
0
0
fakewal 1120 200 40 0 0 0
thorn 1120 240 40 0 0 0
wall 1120 280 40 0 0 0
0
0
0
0
0
0
0
0
0
0
0
0
0
0
0
0
0
thorn 1120 1000 40 0 0 0
wall 1120 1040 40 0 0 0
wall 1160 0 40 0 0 0
0
0
0
0
0
thorn 1160 240 40 0 0 0
wall 1160 280 40 0 0 0
0
0
0
0
0
0
0
0
0
0
0
0
0
0
0
0
0
thorn 1160 1000 40 0 0 0
wall 1160 1040 40 0 0 0
wall 1200 0 40 0 0 0
0
0
0
0
0
thorn 1200 240 40 0 0 0
wall 1200 280 40 0 0 0
0
0
0
0
0
0
0
0
0
0
0
0
0
0
0
0
0
thorn 1200 1000 40 0 0 0
wall 1200 1040 40 0 0 0
wall 1240 0 40 0 0 0
0
0
0
0
0
thorn 1240 240 40 0 0 0
wall 1240 280 40 0 0 0
0
0
0
0
0
0
0
0
0
0
0
0
0
0
0
0
0
thorn 1240 1000 40 0 0 0
wall 1240 1040 40 0 0 0
wall 1280 0 40 0 0 0
0
0
0
0
0
thorn 1280 240 40 0 0 0
wall 1280 280 40 0 0 0
0
0
0
0
0
0
0
0
0
0
0
0
0
0
0
0
0
thorn 1280 1000 40 0 0 0
wall 1280 1040 40 0 0 0
wall 1320 0 40 0 0 0
0
0
0
0
fakewal 1320 200 40 0 0 0
thorn 1320 240 40 0 0 0
wall 1320 280 40 0 0 0
0
0
0
0
0
0
fakewal 1320 560 40 0 0 0
0
0
0
0
0
0
0
0
0
0
thorn 1320 1000 40 0 0 0
wall 1320 1040 40 0 0 0
wall 1360 0 40 0 0 0
0
0
0
0
0
thorn 1360 240 40 0 0 0
wall 1360 280 40 0 0 0
0
0
0
0
0
0
0
0
0
0
0
0
0
0
0
0
0
thorn 1360 1000 40 0 0 0
wall 1360 1040 40 0 0 0
wall 1400 0 40 0 0 0
0
0
0
0
0
thorn 1400 240 40 0 0 0
wall 1400 280 40 0 0 0
0
0
0
0
0
0
0
0
0
0
0
0
0
0
0
0
0
thorn 1400 1000 40 0 0 0
wall 1400 1040 40 0 0 0
wall 1440 0 40 0 0 0
0
0
0
0
0
thorn 1440 240 40 0 0 0
wall 1440 280 40 0 0 0
0
0
0
0
0
0
0
0
0
fakewal 1440 680 40 0 0 0
0
0
0
0
0
0
0
thorn 1440 1000 40 0 0 0
wall 1440 1040 40 0 0 0
wall 1480 0 40 0 0 0
0
0
0
0
0
thorn 1480 240 40 0 0 0
wall 1480 280 40 0 0 0
0
0
0
0
fakewal 1480 480 40 0 0 0
thorn 1480 520 40 0 0 0
wall 1480 560 40 0 0 0
0
0
0
0
0
0
0
0
0
0
thorn 1480 1000 40 0 0 0
wall 1480 1040 40 0 0 0
wall 1520 0 40 0 0 0
0
0
0
0
fakewal 1520 200 40 0 0 0
thorn 1520 240 40 0 0 0
wall 1520 280 40 0 0 0
0
0
0
0
0
thorn 1520 520 40 0 0 0
wall 1520 560 40 0 0 0
0
0
0
0
fakewal 1520 760 40 0 0 0
0
0
0
0
0
thorn 1520 1000 40 0 0 0
wall 1520 1040 40 0 0 0
wall 1560 0 40 0 0 0
0
0
0
0
0
0
0
0
0
0
0
0
thorn 1560 520 40 0 0 0
wall 1560 560 40 0 0 0
0
0
0
0
0
0
0
0
0
0
thorn 1560 1000 40 0 0 0
wall 1560 1040 40 0 0 0
wall 1600 0 40 0 0 0
0
0
0
0
0
0
0
0
0
fakewal 1600 400 40 0 0 0
0
0
thorn 1600 520 40 0 0 0
wall 1600 560 40 0 0 0
0
0
0
0
0
0
0
0
0
0
thorn 1600 1000 40 0 0 0
wall 1600 1040 40 0 0 0
wall 1640 0 40 0 0 0
0
0
0
0
0
0
0
0
0
0
0
0
thorn 1640 520 40 0 0 0
wall 1640 560 40 0 0 0
0
0
0
0
0
0
0
fakewal 1640 880 40 0 0 0
0
0
thorn 1640 1000 40 0 0 0
wall 1640 1040 40 0 0 0
wall 1680 0 40 0 0 0
0
0
0
0
0
0
fakewal 1680 280 40 0 0 0
0
0
0
0
0
thorn 1680 520 40 0 0 0
wall 1680 560 40 0 0 0
0
0
0
0
0
0
0
0
0
0
thorn 1680 1000 40 0 0 0
wall 1680 1040 40 0 0 0
wall 1720 0 40 0 0 0
0
0
0
0
0
0
0
0
0
0
0
0
thorn 1720 520 40 0 0 0
wall 1720 560 40 0 0 0
0
0
0
0
0
0
0
0
0
0
thorn 1720 1000 40 0 0 0
wall 1720 1040 40 0 0 0
wall 1760 0 40 0 0 0
0
0
0
0
0
0
0
0
0
0
0
0
thorn 1760 520 40 0 0 0
wall 1760 560 40 0 0 0
wall 1760 600 40 0 0 0
wall 1760 640 40 0 0 0
wall 1760 680 40 0 0 0
wall 1760 720 40 0 0 0
0
0
0
wall 1760 880 40 0 0 0
0
0
thorn 1760 1000 40 0 0 0
wall 1760 1040 40 0 0 0
wall 1800 0 40 0 0 0
0
0
0
0
0
0
0
0
0
0
0
0
thorn 1800 520 40 0 0 0
wall 1800 560 40 0 0 0
wall 1800 600 40 0 0 0
wall 1800 640 40 0 0 0
wall 1800 680 40 0 0 0
wall 1800 720 40 0 0 0
0
0
0
wall 1800 880 40 0 0 0
0
0
thorn 1800 1000 40 0 0 0
wall 1800 1040 40 0 0 0
wall 1840 0 40 0 0 0
0
0
0
0
0
0
0
0
0
0
0
0
thorn 1840 520 40 0 0 0
wall 1840 560 40 0 0 0
wall 1840 600 40 0 0 0
wall 1840 640 40 0 0 0
wall 1840 680 40 0 0 0
wall 1840 720 40 0 0 0
0
star 1840 800 40 0 0 0
0
wall 1840 880 40 0 0 0
0
0
thorn 1840 1000 40 0 0 0
wall 1840 1040 40 0 0 0
wall 1880 0 40 0 0 0
wall 1880 40 40 0 0 0
wall 1880 80 40 0 0 0
wall 1880 120 40 0 0 0
wall 1880 160 40 0 0 0
wall 1880 200 40 0 0 0
wall 1880 240 40 0 0 0
wall 1880 280 40 0 0 0
wall 1880 320 40 0 0 0
wall 1880 360 40 0 0 0
wall 1880 400 40 0 0 0
wall 1880 440 40 0 0 0
wall 1880 480 40 0 0 0
wall 1880 520 40 0 0 0
wall 1880 560 40 0 0 0
wall 1880 600 40 0 0 0
wall 1880 640 40 0 0 0
wall 1880 680 40 0 0 0
wall 1880 720 40 0 0 0
0
0
0
wall 1880 880 40 0 0 0
0
0
thorn 1880 1000 40 0 0 0
wall 1880 1040 40 0 0 0
