1920 1080 40
하연 백지 바탕.PNG
wall 0 0 40 0 0 0
wall 0 40 40 0 0 0
wall 0 80 40 0 0 0
wall 0 120 40 0 0 0
wall 0 160 40 0 0 0
wall 0 200 40 0 0 0
wall 0 240 40 0 0 0
wall 0 280 40 0 0 0
wall 0 320 40 0 0 0
wall 0 360 40 0 0 0
wall 0 400 40 0 0 0
wall 0 440 40 0 0 0
wall 0 480 40 0 0 0
wall 0 520 40 0 0 0
wall 0 560 40 0 0 0
wall 0 600 40 0 0 0
wall 0 640 40 0 0 0
wall 0 680 40 0 0 0
wall 0 720 40 0 0 0
wall 0 760 40 0 0 0
wall 0 800 40 0 0 0
wall 0 840 40 0 0 0
wall 0 880 40 0 0 0
wall 0 920 40 0 0 0
wall 0 960 40 0 0 0
wall 0 1000 40 0 0 0
wall 0 1040 40 0 0 0
wall 40 0 40 0 0 0
0
0
portal 40 120 40 0 1000 80
wall 40 160 40 0 0 0
wall 40 200 40 0 0 0
wall 40 240 40 0 0 0
0
0
0
0
0
0
0
0
0
0
0
backblock 40 720 40 0 0 0
wall 40 760 40 0 0 0
0
0
0
0
wall 40 960 40 0 0 0
wall 40 1000 40 0 0 0
wall 40 1040 40 0 0 0
wall 80 0 40 0 0 0
0
0
0
wall 80 160 40 0 0 0
wall 80 200 40 0 0 0
wall 80 240 40 0 0 0
0
0
0
0
0
0
0
0
0
0
0
backblock 80 720 40 0 0 0
wall 80 760 40 0 0 0
0
0
ball 80 880 40 0 0 0
0
wall 80 960 40 0 0 0
wall 80 1000 40 0 0 0
wall 80 1040 40 0 0 0
wall 120 0 40 0 0 0
0
0
0
wall 120 160 40 0 0 0
wall 120 200 40 0 0 0
wall 120 240 40 0 0 0
0
0
0
wall 120 400 40 0 0 0
wall 120 440 40 0 0 0
wall 120 480 40 0 0 0
wall 120 520 40 0 0 0
wall 120 560 40 0 0 0
0
0
wall 120 680 40 0 0 0
wall 120 720 40 0 0 0
wall 120 760 40 0 0 0
0
0
0
0
wall 120 960 40 0 0 0
wall 120 1000 40 0 0 0
wall 120 1040 40 0 0 0
wall 160 0 40 0 0 0
0
0
0
0
thorn 160 200 40 0 0 0
wall 160 240 40 0 0 0
0
0
0
0
thorn 160 440 40 0 0 0
wall 160 480 40 0 0 0
icicle 160 520 40 0 0 0
0
0
0
0
0
wall 160 760 40 0 0 0
0
0
0
0
0
thorn 160 1000 40 0 0 0
wall 160 1040 40 0 0 0
wall 200 0 40 0 0 0
0
0
0
0
thorn 200 200 40 0 0 0
wall 200 240 40 0 0 0
0
0
0
0
thorn 200 440 40 0 0 0
wall 200 480 40 0 0 0
icicle 200 520 40 0 0 0
0
0
0
0
0
wall 200 760 40 0 0 0
0
0
0
0
0
thorn 200 1000 40 0 0 0
wall 200 1040 40 0 0 0
wall 240 0 40 0 0 0
0
0
0
fakewal 240 160 40 0 0 0
thorn 240 200 40 0 0 0
wall 240 240 40 0 0 0
0
0
0
0
thorn 240 440 40 0 0 0
wall 240 480 40 0 0 0
wall 240 520 40 0 0 0
wall 240 560 40 0 0 0
0
0
0
0
spring 240 760 40 0 0 0
0
0
0
0
0
thorn 240 1000 40 0 0 0
wall 240 1040 40 0 0 0
wall 280 0 40 0 0 0
0
0
0
0
thorn 280 200 40 0 0 0
wall 280 240 40 0 0 0
0
0
0
0
thorn 280 440 40 0 0 0
wall 280 480 40 0 0 0
icicle 280 520 40 0 0 0
0
0
0
0
0
wall 280 760 40 0 0 0
0
0
0
0
0
thorn 280 1000 40 0 0 0
wall 280 1040 40 0 0 0
wall 320 0 40 0 0 0
0
0
0
0
thorn 320 200 40 0 0 0
wall 320 240 40 0 0 0
0
0
0
movewal 320 400 40 0 640 400
thorn 320 440 40 0 0 0
wall 320 480 40 0 0 0
icicle 320 520 40 0 0 0
0
0
0
0
0
wall 320 760 40 0 0 0
0
0
0
0
blinkblock 320 960 40 0 0 0
thorn 320 1000 40 0 0 0
wall 320 1040 40 0 0 0
wall 360 0 40 0 0 0
0
0
0
0
thorn 360 200 40 0 0 0
wall 360 240 40 0 0 0
0
0
0
0
thorn 360 440 40 0 0 0
wall 360 480 40 0 0 0
0
0
0
0
wall 360 680 40 0 0 0
wall 360 720 40 0 0 0
wall 360 760 40 0 0 0
0
0
0
0
0
thorn 360 1000 40 0 0 0
wall 360 1040 40 0 0 0
wall 400 0 40 0 0 0
0
0
0
fakewal 400 160 40 0 0 0
thorn 400 200 40 0 0 0
wall 400 240 40 0 0 0
0
0
0
0
thorn 400 440 40 0 0 0
wall 400 480 40 0 0 0
icicle 400 520 40 0 0 0
0
0
0
0
0
wall 400 760 40 0 0 0
0
0
0
0
0
thorn 400 1000 40 0 0 0
wall 400 1040 40 0 0 0
wall 440 0 40 0 0 0
0
0
0
0
thorn 440 200 40 0 0 0
wall 440 240 40 0 0 0
0
0
0
0
thorn 440 440 40 0 0 0
wall 440 480 40 0 0 0
icicle 440 520 40 0 0 0
0
0
0
0
0
wall 440 760 40 0 0 0
0
0
0
0
0
thorn 440 1000 40 0 0 0
wall 440 1040 40 0 0 0
wall 480 0 40 0 0 0
0
0
0
0
thorn 480 200 40 0 0 0
wall 480 240 40 0 0 0
0
0
0
0
thorn 480 440 40 0 0 0
wall 480 480 40 0 0 0
wall 480 520 40 0 0 0
wall 480 560 40 0 0 0
0
0
0
0
spring 480 760 40 0 0 0
0
0
0
0
wall 480 960 40 0 0 0
thorn 480 1000 40 0 0 0
wall 480 1040 40 0 0 0
wall 520 0 40 0 0 0
0
0
0
0
thorn 520 200 40 0 0 0
wall 520 240 40 0 0 0
0
0
0
0
thorn 520 440 40 0 0 0
wall 520 480 40 0 0 0
icicle 520 520 40 0 0 0
0
0
0
0
0
wall 520 760 40 0 0 0
0
0
0
0
0
thorn 520 1000 40 0 0 0
wall 520 1040 40 0 0 0
wall 560 0 40 0 0 0
0
0
0
fakewal 560 160 40 0 0 0
thorn 560 200 40 0 0 0
wall 560 240 40 0 0 0
0
0
0
0
thorn 560 440 40 0 0 0
wall 560 480 40 0 0 0
icicle 560 520 40 0 0 0
0
0
0
0
0
wall 560 760 40 0 0 0
0
0
0
0
0
thorn 560 1000 40 0 0 0
wall 560 1040 40 0 0 0
wall 600 0 40 0 0 0
0
0
0
0
thorn 600 200 40 0 0 0
wall 600 240 40 0 0 0
0
0
0
0
thorn 600 440 40 0 0 0
wall 600 480 40 0 0 0
0
0
0
0
wall 600 680 40 0 0 0
wall 600 720 40 0 0 0
wall 600 760 40 0 0 0
0
0
0
0
0
thorn 600 1000 40 0 0 0
wall 600 1040 40 0 0 0
wall 640 0 40 0 0 0
0
0
0
0
thorn 640 200 40 0 0 0
wall 640 240 40 0 0 0
0
0
0
endpoint 640 400 40 0 320 400
thorn 640 440 40 0 0 0
wall 640 480 40 0 0 0
icicle 640 520 40 0 0 0
0
0
0
0
0
wall 640 760 40 0 0 0
0
0
0
0
0
thorn 640 1000 40 0 0 0
wall 640 1040 40 0 0 0
wall 680 0 40 0 0 0
0
0
0
0
thorn 680 200 40 0 0 0
wall 680 240 40 0 0 0
0
0
0
0
thorn 680 440 40 0 0 0
wall 680 480 40 0 0 0
icicle 680 520 40 0 0 0
0
0
0
0
0
wall 680 760 40 0 0 0
0
0
0
0
blinkblock 680 960 40 0 0 0
thorn 680 1000 40 0 0 0
wall 680 1040 40 0 0 0
wall 720 0 40 0 0 0
0
0
0
fakewal 720 160 40 0 0 0
thorn 720 200 40 0 0 0
wall 720 240 40 0 0 0
0
0
0
0
thorn 720 440 40 0 0 0
wall 720 480 40 0 0 0
wall 720 520 40 0 0 0
wall 720 560 40 0 0 0
0
0
0
0
spring 720 760 40 0 0 0
0
0
0
0
0
thorn 720 1000 40 0 0 0
wall 720 1040 40 0 0 0
wall 760 0 40 0 0 0
0
0
0
0
thorn 760 200 40 0 0 0
wall 760 240 40 0 0 0
0
0
0
0
thorn 760 440 40 0 0 0
wall 760 480 40 0 0 0
icicle 760 520 40 0 0 0
0
0
0
0
0
wall 760 760 40 0 0 0
0
0
0
0
0
thorn 760 1000 40 0 0 0
wall 760 1040 40 0 0 0
wall 800 0 40 0 0 0
0
0
0
0
thorn 800 200 40 0 0 0
wall 800 240 40 0 0 0
0
0
0
0
thorn 800 440 40 0 0 0
wall 800 480 40 0 0 0
icicle 800 520 40 0 0 0
0
0
0
0
0
wall 800 760 40 0 0 0
0
0
0
0
0
thorn 800 1000 40 0 0 0
wall 800 1040 40 0 0 0
wall 840 0 40 0 0 0
0
0
0
0
wall 840 200 40 0 0 0
wall 840 240 40 0 0 0
wall 840 280 40 0 0 0
0
0
wall 840 400 40 0 0 0
wall 840 440 40 0 0 0
wall 840 480 40 0 0 0
0
0
0
0
wall 840 680 40 0 0 0
wall 840 720 40 0 0 0
wall 840 760 40 0 0 0
wall 840 800 40 0 0 0
wall 840 840 40 0 0 0
0
0
wall 840 960 40 0 0 0
wall 840 1000 40 0 0 0
wall 840 1040 40 0 0 0
wall 880 0 40 0 0 0
0
0
0
0
0
0
0
0
0
0
backblock 880 440 40 0 0 0
wall 880 480 40 0 0 0
0
0
0
0
0
0
0
0
0
0
0
0
thorn 880 1000 40 0 0 0
wall 880 1040 40 0 0 0
wall 920 0 40 0 0 0
0
0
0
0
0
0
0
0
0
0
backblock 920 440 40 0 0 0
wall 920 480 40 0 0 0
0
0
0
0
0
0
0
0
0
0
0
0
thorn 920 1000 40 0 0 0
wall 920 1040 40 0 0 0
wall 960 0 40 0 0 0
wall 960 40 40 0 0 0
wall 960 80 40 0 0 0
wall 960 120 40 0 0 0
wall 960 160 40 0 0 0
wall 960 200 40 0 0 0
wall 960 240 40 0 0 0
wall 960 280 40 0 0 0
wall 960 320 40 0 0 0
wall 960 360 40 0 0 0
wall 960 400 40 0 0 0
wall 960 440 40 0 0 0
wall 960 480 40 0 0 0
wall 960 520 40 0 0 0
wall 960 560 40 0 0 0
wall 960 600 40 0 0 0
wall 960 640 40 0 0 0
wall 960 680 40 0 0 0
wall 960 720 40 0 0 0
wall 960 760 40 0 0 0
wall 960 800 40 0 0 0
wall 960 840 40 0 0 0
wall 960 880 40 0 0 0
wall 960 920 40 0 0 0
wall 960 960 40 0 0 0
wall 960 1000 40 0 0 0
wall 960 1040 40 0 0 0
wall 1000 0 40 0 0 0
0
subpotal 1000 80 40 0 40 120
0
0
fakewal 1000 200 40 0 0 0
blckhole 1000 240 40 0 0 0
0
0
0
0
0
0
fakewal 1000 520 40 0 0 0
blckhole 1000 560 40 0 0 0
0
0
0
0
thorn 1000 760 40 0 0 0
wall 1000 800 40 0 0 0
0
0
0
0
0
0
wall 1040 0 40 0 0 0
0
0
0
0
0
0
0
0
0
0
0
0
0
0
0
0
0
0
thorn 1040 760 40 0 0 0
wall 1040 800 40 0 0 0
0
0
0
0
0
0
wall 1080 0 40 0 0 0
0
0
0
0
0
0
0
0
0
fakewal 1080 400 40 0 0 0
blckhole 1080 440 40 0 0 0
0
0
0
0
0
0
levon 1080 720 40 0 1800 360
thorn 1080 760 40 0 0 0
wall 1080 800 40 0 0 0
0
0
0
0
0
0
wall 1120 0 40 0 0 0
wall 1120 40 40 0 0 0
wall 1120 80 40 0 0 0
wall 1120 120 40 0 0 0
wall 1120 160 40 0 0 0
wall 1120 200 40 0 0 0
wall 1120 240 40 0 0 0
0
0
0
0
wall 1120 440 40 0 0 0
wall 1120 480 40 0 0 0
wall 1120 520 40 0 0 0
wall 1120 560 40 0 0 0
0
0
0
0
thorn 1120 760 40 0 0 0
wall 1120 800 40 0 0 0
0
0
0
0
0
0
0
0
0
0
0
wall 1160 200 40 0 0 0
wall 1160 240 40 0 0 0
0
0
0
wall 1160 400 40 0 0 0
wall 1160 440 40 0 0 0
icicle 1160 480 40 0 0 0
0
0
0
0
0
0
thorn 1160 760 40 0 0 0
wall 1160 800 40 0 0 0
0
0
0
0
0
0
0
0
0
0
0
wall 1200 200 40 0 0 0
icicle 1200 240 40 0 0 0
0
0
0
thorn 1200 400 40 0 0 0
wall 1200 440 40 0 0 0
icicle 1200 480 40 0 0 0
0
0
0
0
0
0
thorn 1200 760 40 0 0 0
wall 1200 800 40 0 0 0
0
0
0
0
0
0
0
0
0
0
0
wall 1240 200 40 0 0 0
icicle 1240 240 40 0 0 0
0
0
0
thorn 1240 400 40 0 0 0
wall 1240 440 40 0 0 0
icicle 1240 480 40 0 0 0
0
0
0
0
0
0
thorn 1240 760 40 0 0 0
wall 1240 800 40 0 0 0
0
0
0
0
0
0
0
0
0
0
0
wall 1280 200 40 0 0 0
wall 1280 240 40 0 0 0
0
0
0
wall 1280 400 40 0 0 0
wall 1280 440 40 0 0 0
wall 1280 480 40 0 0 0
wall 1280 520 40 0 0 0
wall 1280 560 40 0 0 0
wall 1280 600 40 0 0 0
0
0
wall 1280 720 40 0 0 0
wall 1280 760 40 0 0 0
wall 1280 800 40 0 0 0
0
0
0
0
0
0
0
0
0
0
0
wall 1320 200 40 0 0 0
icicle 1320 240 40 0 0 0
0
0
0
thorn 1320 400 40 0 0 0
wall 1320 440 40 0 0 0
wall 1320 480 40 0 0 0
wall 1320 520 40 0 0 0
wall 1320 560 40 0 0 0
blckhole 1320 600 40 0 0 0
0
0
spring 1320 720 40 0 0 0
0
0
0
0
0
0
0
0
0
0
0
0
0
wall 1360 200 40 0 0 0
icicle 1360 240 40 0 0 0
0
0
0
thorn 1360 400 40 0 0 0
wall 1360 440 40 0 0 0
icicle 1360 480 40 0 0 0
0
0
0
0
0
wall 1360 720 40 0 0 0
0
0
0
0
0
0
0
0
0
0
0
0
0
wall 1400 200 40 0 0 0
wall 1400 240 40 0 0 0
0
0
0
wall 1400 400 40 0 0 0
wall 1400 440 40 0 0 0
wall 1400 480 40 0 0 0
wall 1400 520 40 0 0 0
blckhole 1400 560 40 0 0 0
0
0
magnetic 1400 680 40 0 0 0
0
0
0
0
0
0
0
0
0
0
0
0
0
0
wall 1440 200 40 0 0 0
icicle 1440 240 40 0 0 0
0
0
0
thorn 1440 400 40 0 0 0
wall 1440 440 40 0 0 0
wall 1440 480 40 0 0 0
wall 1440 520 40 0 0 0
blckhole 1440 560 40 0 0 0
0
0
spring 1440 680 40 0 0 0
0
0
0
0
0
0
0
0
0
0
0
0
0
0
wall 1480 200 40 0 0 0
icicle 1480 240 40 0 0 0
0
0
0
thorn 1480 400 40 0 0 0
wall 1480 440 40 0 0 0
icicle 1480 480 40 0 0 0
0
0
0
0
0
wall 1480 720 40 0 0 0
0
0
0
0
0
0
0
0
0
0
0
0
0
wall 1520 200 40 0 0 0
wall 1520 240 40 0 0 0
0
0
0
wall 1520 400 40 0 0 0
wall 1520 440 40 0 0 0
wall 1520 480 40 0 0 0
wall 1520 520 40 0 0 0
wall 1520 560 40 0 0 0
blckhole 1520 600 40 0 0 0
0
0
0
wall 1520 760 40 0 0 0
wall 1520 800 40 0 0 0
wall 1520 840 40 0 0 0
0
0
0
0
0
0
0
0
0
0
wall 1560 200 40 0 0 0
icicle 1560 240 40 0 0 0
0
0
0
thorn 1560 400 40 0 0 0
wall 1560 440 40 0 0 0
wall 1560 480 40 0 0 0
wall 1560 520 40 0 0 0
wall 1560 560 40 0 0 0
wall 1560 600 40 0 0 0
0
0
0
wall 1560 760 40 0 0 0
wall 1560 800 40 0 0 0
wall 1560 840 40 0 0 0
0
0
0
0
0
0
0
0
0
0
wall 1600 200 40 0 0 0
icicle 1600 240 40 0 0 0
0
0
0
thorn 1600 400 40 0 0 0
wall 1600 440 40 0 0 0
wall 1600 480 40 0 0 0
wall 1600 520 40 0 0 0
icicle 1600 560 40 0 0 0
0
0
0
0
0
thorn 1600 800 40 0 0 0
wall 1600 840 40 0 0 0
0
0
0
0
0
0
0
0
0
0
wall 1640 200 40 0 0 0
wall 1640 240 40 0 0 0
0
0
0
wall 1640 400 40 0 0 0
wall 1640 440 40 0 0 0
wall 1640 480 40 0 0 0
icicle 1640 520 40 0 0 0
0
0
0
0
0
0
thorn 1640 800 40 0 0 0
wall 1640 840 40 0 0 0
0
0
0
0
0
0
0
0
0
0
wall 1680 200 40 0 0 0
icicle 1680 240 40 0 0 0
0
0
0
thorn 1680 400 40 0 0 0
wall 1680 440 40 0 0 0
wall 1680 480 40 0 0 0
wall 1680 520 40 0 0 0
icicle 1680 560 40 0 0 0
0
0
0
0
0
thorn 1680 800 40 0 0 0
wall 1680 840 40 0 0 0
0
0
0
0
0
0
0
0
0
0
wall 1720 200 40 0 0 0
icicle 1720 240 40 0 0 0
0
0
0
thorn 1720 400 40 0 0 0
wall 1720 440 40 0 0 0
wall 1720 480 40 0 0 0
icicle 1720 520 40 0 0 0
0
0
0
0
0
0
thorn 1720 800 40 0 0 0
wall 1720 840 40 0 0 0
0
0
0
0
0
0
0
0
0
0
wall 1760 200 40 0 0 0
wall 1760 240 40 0 0 0
0
0
0
wall 1760 400 40 0 0 0
wall 1760 440 40 0 0 0
wall 1760 480 40 0 0 0
wall 1760 520 40 0 0 0
wall 1760 560 40 0 0 0
wall 1760 600 40 0 0 0
0
0
0
wall 1760 760 40 0 0 0
wall 1760 800 40 0 0 0
wall 1760 840 40 0 0 0
0
0
0
0
0
0
0
0
0
0
wall 1800 200 40 0 0 0
wall 1800 240 40 0 0 0
0
0
lever 1800 360 40 0 1080 720
wall 1800 400 40 0 0 0
wall 1800 440 40 0 0 0
0
0
0
wall 1800 600 40 0 0 0
0
0
0
wall 1800 760 40 0 0 0
wall 1800 800 40 0 0 0
wall 1800 840 40 0 0 0
0
0
0
0
0
0
0
0
0
0
wall 1840 200 40 0 0 0
wall 1840 240 40 0 0 0
wall 1840 280 40 0 0 0
wall 1840 320 40 0 0 0
wall 1840 360 40 0 0 0
wall 1840 400 40 0 0 0
wall 1840 440 40 0 0 0
0
0
0
wall 1840 600 40 0 0 0
0
star 1840 680 40 0 0 0
0
wall 1840 760 40 0 0 0
wall 1840 800 40 0 0 0
wall 1840 840 40 0 0 0
0
0
0
0
0
0
0
0
0
0
0
0
0
0
0
0
0
0
0
0
wall 1880 600 40 0 0 0
0
0
0
wall 1880 760 40 0 0 0
wall 1880 800 40 0 0 0
wall 1880 840 40 0 0 0
0
0
0
0
0
