1920 1080 40
하연 백지 바탕.PNG
wall 0 0 40 0 0 0
wall 0 40 40 0 0 0
wall 0 80 40 0 0 0
wall 0 120 40 0 0 0
wall 0 160 40 0 0 0
wall 0 200 40 0 0 0
wall 0 240 40 0 0 0
wall 0 280 40 0 0 0
wall 0 320 40 0 0 0
wall 0 360 40 0 0 0
wall 0 400 40 0 0 0
wall 0 440 40 0 0 0
wall 0 480 40 0 0 0
wall 0 520 40 0 0 0
wall 0 560 40 0 0 0
wall 0 600 40 0 0 0
wall 0 640 40 0 0 0
wall 0 680 40 0 0 0
wall 0 720 40 0 0 0
wall 0 760 40 0 0 0
wall 0 800 40 0 0 0
wall 0 840 40 0 0 0
wall 0 880 40 0 0 0
wall 0 920 40 0 0 0
wall 0 960 40 0 0 0
wall 0 1000 40 0 0 0
wall 0 1040 40 0 0 0
wall 40 0 40 0 0 0
0
0
portal 40 120 40 0 920 40
wall 40 160 40 0 0 0
wall 40 200 40 0 0 0
wall 40 240 40 0 0 0
0
0
0
0
0
0
0
0
0
0
0
backblock 40 720 40 0 0 0
wall 40 760 40 0 0 0
0
0
0
0
wall 40 960 40 0 0 0
wall 40 1000 40 0 0 0
wall 40 1040 40 0 0 0
wall 80 0 40 0 0 0
0
ball 80 80 40 0 0 0
0
wall 80 160 40 0 0 0
wall 80 200 40 0 0 0
wall 80 240 40 0 0 0
0
0
0
0
0
0
0
0
0
0
0
backblock 80 720 40 0 0 0
wall 80 760 40 0 0 0
0
0
0
0
wall 80 960 40 0 0 0
wall 80 1000 40 0 0 0
wall 80 1040 40 0 0 0
wall 120 0 40 0 0 0
0
0
0
movewal 120 160 40 0 680 160
thorn 120 200 40 0 0 0
wall 120 240 40 0 0 0
0
0
0
wall 120 400 40 0 0 0
wall 120 440 40 0 0 0
wall 120 480 40 0 0 0
wall 120 520 40 0 0 0
wall 120 560 40 0 0 0
0
0
wall 120 680 40 0 0 0
wall 120 720 40 0 0 0
wall 120 760 40 0 0 0
0
0
0
0
wall 120 960 40 0 0 0
wall 120 1000 40 0 0 0
wall 120 1040 40 0 0 0
wall 160 0 40 0 0 0
0
0
0
0
thorn 160 200 40 0 0 0
wall 160 240 40 0 0 0
0
0
0
0
thorn 160 440 40 0 0 0
wall 160 480 40 0 0 0
icicle 160 520 40 0 0 0
0
0
0
0
thorn 160 720 40 0 0 0
wall 160 760 40 0 0 0
0
0
0
0
movewal 160 960 40 0 680 960
thorn 160 1000 40 0 0 0
wall 160 1040 40 0 0 0
wall 200 0 40 0 0 0
0
0
0
0
thorn 200 200 40 0 0 0
wall 200 240 40 0 0 0
0
0
0
0
thorn 200 440 40 0 0 0
wall 200 480 40 0 0 0
icicle 200 520 40 0 0 0
0
0
0
0
thorn 200 720 40 0 0 0
wall 200 760 40 0 0 0
0
0
0
0
0
thorn 200 1000 40 0 0 0
wall 200 1040 40 0 0 0
wall 240 0 40 0 0 0
0
0
0
0
thorn 240 200 40 0 0 0
wall 240 240 40 0 0 0
0
0
0
0
thorn 240 440 40 0 0 0
wall 240 480 40 0 0 0
wall 240 520 40 0 0 0
0
0
0
wall 240 680 40 0 0 0
wall 240 720 40 0 0 0
wall 240 760 40 0 0 0
0
0
0
0
0
thorn 240 1000 40 0 0 0
wall 240 1040 40 0 0 0
wall 280 0 40 0 0 0
0
0
0
0
thorn 280 200 40 0 0 0
wall 280 240 40 0 0 0
0
0
0
0
thorn 280 440 40 0 0 0
wall 280 480 40 0 0 0
icicle 280 520 40 0 0 0
0
0
0
0
thorn 280 720 40 0 0 0
wall 280 760 40 0 0 0
0
0
0
fakewal 280 920 40 0 0 0
0
thorn 280 1000 40 0 0 0
wall 280 1040 40 0 0 0
wall 320 0 40 0 0 0
0
0
0
0
thorn 320 200 40 0 0 0
wall 320 240 40 0 0 0
0
0
0
fakewal 320 400 40 0 0 0
thorn 320 440 40 0 0 0
wall 320 480 40 0 0 0
icicle 320 520 40 0 0 0
0
0
0
0
thorn 320 720 40 0 0 0
wall 320 760 40 0 0 0
0
0
0
0
0
laser 320 1000 40 0 0 0
wall 320 1040 40 0 0 0
wall 360 0 40 0 0 0
0
0
0
0
thorn 360 200 40 0 0 0
wall 360 240 40 0 0 0
0
0
0
0
thorn 360 440 40 0 0 0
wall 360 480 40 0 0 0
wall 360 520 40 0 0 0
0
0
0
wall 360 680 40 0 0 0
wall 360 720 40 0 0 0
wall 360 760 40 0 0 0
0
0
0
0
0
thorn 360 1000 40 0 0 0
wall 360 1040 40 0 0 0
wall 400 0 40 0 0 0
0
0
0
0
thorn 400 200 40 0 0 0
wall 400 240 40 0 0 0
0
0
0
0
thorn 400 440 40 0 0 0
wall 400 480 40 0 0 0
icicle 400 520 40 0 0 0
0
0
0
0
thorn 400 720 40 0 0 0
wall 400 760 40 0 0 0
0
0
0
0
0
thorn 400 1000 40 0 0 0
wall 400 1040 40 0 0 0
wall 440 0 40 0 0 0
0
0
0
0
thorn 440 200 40 0 0 0
wall 440 240 40 0 0 0
0
0
0
0
thorn 440 440 40 0 0 0
wall 440 480 40 0 0 0
icicle 440 520 40 0 0 0
0
0
0
0
thorn 440 720 40 0 0 0
wall 440 760 40 0 0 0
0
0
0
0
0
thorn 440 1000 40 0 0 0
wall 440 1040 40 0 0 0
wall 480 0 40 0 0 0
0
0
0
0
thorn 480 200 40 0 0 0
wall 480 240 40 0 0 0
0
0
0
0
thorn 480 440 40 0 0 0
wall 480 480 40 0 0 0
wall 480 520 40 0 0 0
0
0
0
wall 480 680 40 0 0 0
wall 480 720 40 0 0 0
wall 480 760 40 0 0 0
0
0
0
fakewal 480 920 40 0 0 0
0
thorn 480 1000 40 0 0 0
wall 480 1040 40 0 0 0
wall 520 0 40 0 0 0
0
0
0
0
thorn 520 200 40 0 0 0
wall 520 240 40 0 0 0
0
0
0
fakewal 520 400 40 0 0 0
thorn 520 440 40 0 0 0
wall 520 480 40 0 0 0
icicle 520 520 40 0 0 0
0
0
0
0
thorn 520 720 40 0 0 0
wall 520 760 40 0 0 0
0
0
0
0
0
laser 520 1000 40 0 0 0
wall 520 1040 40 0 0 0
wall 560 0 40 0 0 0
0
0
0
0
thorn 560 200 40 0 0 0
wall 560 240 40 0 0 0
0
0
0
0
thorn 560 440 40 0 0 0
wall 560 480 40 0 0 0
icicle 560 520 40 0 0 0
0
0
0
0
thorn 560 720 40 0 0 0
wall 560 760 40 0 0 0
0
0
0
0
0
thorn 560 1000 40 0 0 0
wall 560 1040 40 0 0 0
wall 600 0 40 0 0 0
0
0
0
0
thorn 600 200 40 0 0 0
wall 600 240 40 0 0 0
0
0
0
0
thorn 600 440 40 0 0 0
wall 600 480 40 0 0 0
wall 600 520 40 0 0 0
0
0
0
wall 600 680 40 0 0 0
wall 600 720 40 0 0 0
wall 600 760 40 0 0 0
0
0
0
0
0
thorn 600 1000 40 0 0 0
wall 600 1040 40 0 0 0
wall 640 0 40 0 0 0
0
0
0
0
thorn 640 200 40 0 0 0
wall 640 240 40 0 0 0
0
0
0
0
thorn 640 440 40 0 0 0
wall 640 480 40 0 0 0
icicle 640 520 40 0 0 0
0
0
0
0
thorn 640 720 40 0 0 0
wall 640 760 40 0 0 0
0
0
0
0
0
thorn 640 1000 40 0 0 0
wall 640 1040 40 0 0 0
wall 680 0 40 0 0 0
0
0
0
endpoint 680 160 40 0 120 160
thorn 680 200 40 0 0 0
wall 680 240 40 0 0 0
0
0
0
0
thorn 680 440 40 0 0 0
wall 680 480 40 0 0 0
icicle 680 520 40 0 0 0
0
0
0
0
thorn 680 720 40 0 0 0
wall 680 760 40 0 0 0
0
0
0
0
endpoint 680 960 40 0 160 960
thorn 680 1000 40 0 0 0
wall 680 1040 40 0 0 0
wall 720 0 40 0 0 0
0
0
0
wall 720 160 40 0 0 0
wall 720 200 40 0 0 0
wall 720 240 40 0 0 0
wall 720 280 40 0 0 0
0
0
wall 720 400 40 0 0 0
wall 720 440 40 0 0 0
wall 720 480 40 0 0 0
wall 720 520 40 0 0 0
0
0
0
wall 720 680 40 0 0 0
wall 720 720 40 0 0 0
wall 720 760 40 0 0 0
wall 720 800 40 0 0 0
wall 720 840 40 0 0 0
0
0
wall 720 960 40 0 0 0
wall 720 1000 40 0 0 0
wall 720 1040 40 0 0 0
wall 760 0 40 0 0 0
0
0
0
0
0
0
0
0
0
0
thorn 760 440 40 0 0 0
wall 760 480 40 0 0 0
wall 760 520 40 0 0 0
0
0
0
0
0
0
0
0
0
0
0
thorn 760 1000 40 0 0 0
wall 760 1040 40 0 0 0
wall 800 0 40 0 0 0
0
0
0
0
0
0
0
0
0
0
thorn 800 440 40 0 0 0
wall 800 480 40 0 0 0
wall 800 520 40 0 0 0
0
0
0
0
0
0
0
0
0
0
0
thorn 800 1000 40 0 0 0
wall 800 1040 40 0 0 0
wall 840 0 40 0 0 0
wall 840 40 40 0 0 0
wall 840 80 40 0 0 0
wall 840 120 40 0 0 0
wall 840 160 40 0 0 0
wall 840 200 40 0 0 0
wall 840 240 40 0 0 0
wall 840 280 40 0 0 0
wall 840 320 40 0 0 0
wall 840 360 40 0 0 0
wall 840 400 40 0 0 0
wall 840 440 40 0 0 0
wall 840 480 40 0 0 0
wall 840 520 40 0 0 0
wall 840 560 40 0 0 0
wall 840 600 40 0 0 0
wall 840 640 40 0 0 0
wall 840 680 40 0 0 0
wall 840 720 40 0 0 0
wall 840 760 40 0 0 0
wall 840 800 40 0 0 0
wall 840 840 40 0 0 0
wall 840 880 40 0 0 0
wall 840 920 40 0 0 0
wall 840 960 40 0 0 0
wall 840 1000 40 0 0 0
wall 840 1040 40 0 0 0
wall 880 0 40 0 0 0
wall 880 40 40 0 0 0
wall 880 80 40 0 0 0
blckhole 880 120 40 0 0 0
blckhole 880 160 40 0 0 0
blckhole 880 200 40 0 0 0
blckhole 880 240 40 0 0 0
blckhole 880 280 40 0 0 0
blckhole 880 320 40 0 0 0
blckhole 880 360 40 0 0 0
blckhole 880 400 40 0 0 0
blckhole 880 440 40 0 0 0
blckhole 880 480 40 0 0 0
blckhole 880 520 40 0 0 0
blckhole 880 560 40 0 0 0
blckhole 880 600 40 0 0 0
blckhole 880 640 40 0 0 0
blckhole 880 680 40 0 0 0
blckhole 880 720 40 0 0 0
blckhole 880 760 40 0 0 0
blckhole 880 800 40 0 0 0
blckhole 880 840 40 0 0 0
wall 880 880 40 0 0 0
wall 880 920 40 0 0 0
wall 880 960 40 0 0 0
wall 880 1000 40 0 0 0
wall 880 1040 40 0 0 0
wall 920 0 40 0 0 0
subpotal 920 40 40 0 40 120
0
0
0
fakewal 920 200 40 0 0 0
blckhole 920 240 40 0 0 0
0
0
0
0
fakewal 920 440 40 0 0 0
blckhole 920 480 40 0 0 0
0
0
0
0
fakewal 920 680 40 0 0 0
blckhole 920 720 40 0 0 0
0
0
0
0
0
0
0
wall 920 1040 40 0 0 0
wall 960 0 40 0 0 0
0
0
0
0
0
0
0
0
0
0
0
0
0
0
0
0
0
0
0
0
0
0
0
0
0
wall 960 1040 40 0 0 0
wall 1000 0 40 0 0 0
0
0
0
0
0
0
0
fakewal 1000 320 40 0 0 0
blckhole 1000 360 40 0 0 0
0
0
0
0
fakewal 1000 560 40 0 0 0
blckhole 1000 600 40 0 0 0
0
0
0
0
fakewal 1000 800 40 0 0 0
blckhole 1000 840 40 0 0 0
wall 1000 880 40 0 0 0
0
0
0
wall 1000 1040 40 0 0 0
wall 1040 0 40 0 0 0
wall 1040 40 40 0 0 0
wall 1040 80 40 0 0 0
blckhole 1040 120 40 0 0 0
blckhole 1040 160 40 0 0 0
blckhole 1040 200 40 0 0 0
blckhole 1040 240 40 0 0 0
blckhole 1040 280 40 0 0 0
blckhole 1040 320 40 0 0 0
blckhole 1040 360 40 0 0 0
blckhole 1040 400 40 0 0 0
blckhole 1040 440 40 0 0 0
blckhole 1040 480 40 0 0 0
blckhole 1040 520 40 0 0 0
blckhole 1040 560 40 0 0 0
blckhole 1040 600 40 0 0 0
blckhole 1040 640 40 0 0 0
blckhole 1040 680 40 0 0 0
blckhole 1040 720 40 0 0 0
blckhole 1040 760 40 0 0 0
blckhole 1040 800 40 0 0 0
blckhole 1040 840 40 0 0 0
wall 1040 880 40 0 0 0
0
0
0
wall 1040 1040 40 0 0 0
wall 1080 0 40 0 0 0
wall 1080 40 40 0 0 0
wall 1080 80 40 0 0 0
wall 1080 120 40 0 0 0
wall 1080 160 40 0 0 0
wall 1080 200 40 0 0 0
wall 1080 240 40 0 0 0
wall 1080 280 40 0 0 0
wall 1080 320 40 0 0 0
wall 1080 360 40 0 0 0
wall 1080 400 40 0 0 0
wall 1080 440 40 0 0 0
wall 1080 480 40 0 0 0
wall 1080 520 40 0 0 0
wall 1080 560 40 0 0 0
wall 1080 600 40 0 0 0
wall 1080 640 40 0 0 0
wall 1080 680 40 0 0 0
wall 1080 720 40 0 0 0
wall 1080 760 40 0 0 0
wall 1080 800 40 0 0 0
wall 1080 840 40 0 0 0
wall 1080 880 40 0 0 0
0
0
0
wall 1080 1040 40 0 0 0
wall 1120 0 40 0 0 0
wall 1120 40 40 0 0 0
wall 1120 80 40 0 0 0
blckhole 1120 120 40 0 0 0
blckhole 1120 160 40 0 0 0
blckhole 1120 200 40 0 0 0
blckhole 1120 240 40 0 0 0
blckhole 1120 280 40 0 0 0
blckhole 1120 320 40 0 0 0
blckhole 1120 360 40 0 0 0
blckhole 1120 400 40 0 0 0
blckhole 1120 440 40 0 0 0
blckhole 1120 480 40 0 0 0
blckhole 1120 520 40 0 0 0
blckhole 1120 560 40 0 0 0
blckhole 1120 600 40 0 0 0
blckhole 1120 640 40 0 0 0
blckhole 1120 680 40 0 0 0
blckhole 1120 720 40 0 0 0
blckhole 1120 760 40 0 0 0
blckhole 1120 800 40 0 0 0
blckhole 1120 840 40 0 0 0
wall 1120 880 40 0 0 0
0
0
0
wall 1120 1040 40 0 0 0
wall 1160 0 40 0 0 0
0
0
0
0
0
0
0
0
spring 1160 360 40 0 0 0
0
0
0
0
0
spring 1160 600 40 0 0 0
0
0
0
0
0
spring 1160 840 40 0 0 0
0
0
0
0
wall 1160 1040 40 0 0 0
wall 1200 0 40 0 0 0
0
0
0
0
0
0
0
0
0
0
0
0
0
0
0
0
0
0
0
0
0
0
0
0
wall 1200 1000 40 0 0 0
0
wall 1240 0 40 0 0 0
0
0
0
0
0
spring 1240 240 40 0 0 0
0
0
0
0
0
spring 1240 480 40 0 0 0
0
0
0
0
0
spring 1240 720 40 0 0 0
0
0
0
0
0
spring 1240 960 40 0 0 0
wall 1240 1000 40 0 0 0
0
wall 1280 0 40 0 0 0
0
0
0
wall 1280 160 40 0 0 0
blckhole 1280 200 40 0 0 0
blckhole 1280 240 40 0 0 0
blckhole 1280 280 40 0 0 0
blckhole 1280 320 40 0 0 0
blckhole 1280 360 40 0 0 0
blckhole 1280 400 40 0 0 0
blckhole 1280 440 40 0 0 0
blckhole 1280 480 40 0 0 0
blckhole 1280 520 40 0 0 0
blckhole 1280 560 40 0 0 0
blckhole 1280 600 40 0 0 0
blckhole 1280 640 40 0 0 0
blckhole 1280 680 40 0 0 0
blckhole 1280 720 40 0 0 0
blckhole 1280 760 40 0 0 0
blckhole 1280 800 40 0 0 0
blckhole 1280 840 40 0 0 0
wall 1280 880 40 0 0 0
wall 1280 920 40 0 0 0
wall 1280 960 40 0 0 0
wall 1280 1000 40 0 0 0
0
wall 1320 0 40 0 0 0
0
0
0
wall 1320 160 40 0 0 0
wall 1320 200 40 0 0 0
wall 1320 240 40 0 0 0
wall 1320 280 40 0 0 0
wall 1320 320 40 0 0 0
wall 1320 360 40 0 0 0
wall 1320 400 40 0 0 0
wall 1320 440 40 0 0 0
wall 1320 480 40 0 0 0
wall 1320 520 40 0 0 0
wall 1320 560 40 0 0 0
wall 1320 600 40 0 0 0
wall 1320 640 40 0 0 0
wall 1320 680 40 0 0 0
wall 1320 720 40 0 0 0
wall 1320 760 40 0 0 0
wall 1320 800 40 0 0 0
wall 1320 840 40 0 0 0
wall 1320 880 40 0 0 0
wall 1320 920 40 0 0 0
wall 1320 960 40 0 0 0
wall 1320 1000 40 0 0 0
0
wall 1360 0 40 0 0 0
0
0
0
wall 1360 160 40 0 0 0
blckhole 1360 200 40 0 0 0
blckhole 1360 240 40 0 0 0
blckhole 1360 280 40 0 0 0
blckhole 1360 320 40 0 0 0
blckhole 1360 360 40 0 0 0
blckhole 1360 400 40 0 0 0
blckhole 1360 440 40 0 0 0
blckhole 1360 480 40 0 0 0
blckhole 1360 520 40 0 0 0
blckhole 1360 560 40 0 0 0
blckhole 1360 600 40 0 0 0
blckhole 1360 640 40 0 0 0
blckhole 1360 680 40 0 0 0
blckhole 1360 720 40 0 0 0
blckhole 1360 760 40 0 0 0
blckhole 1360 800 40 0 0 0
blckhole 1360 840 40 0 0 0
blckhole 1360 880 40 0 0 0
wall 1360 920 40 0 0 0
wall 1360 960 40 0 0 0
0
0
wall 1400 0 40 0 0 0
0
0
0
0
0
0
fakewal 1400 280 40 0 0 0
blckhole 1400 320 40 0 0 0
0
0
0
0
fakewal 1400 520 40 0 0 0
blckhole 1400 560 40 0 0 0
0
0
0
0
fakewal 1400 760 40 0 0 0
blckhole 1400 800 40 0 0 0
0
0
thorn 1400 920 40 0 0 0
wall 1400 960 40 0 0 0
0
0
wall 1440 0 40 0 0 0
0
0
0
0
0
0
0
0
0
0
0
0
0
0
0
0
0
0
0
0
0
0
thorn 1440 920 40 0 0 0
wall 1440 960 40 0 0 0
0
0
wall 1480 0 40 0 0 0
0
0
0
0
0
0
0
0
0
fakewal 1480 400 40 0 0 0
blckhole 1480 440 40 0 0 0
0
0
0
0
fakewal 1480 640 40 0 0 0
blckhole 1480 680 40 0 0 0
0
0
0
0
fakewal 1480 880 40 0 0 0
thorn 1480 920 40 0 0 0
wall 1480 960 40 0 0 0
0
0
wall 1520 0 40 0 0 0
wall 1520 40 40 0 0 0
wall 1520 80 40 0 0 0
wall 1520 120 40 0 0 0
wall 1520 160 40 0 0 0
blckhole 1520 200 40 0 0 0
blckhole 1520 240 40 0 0 0
blckhole 1520 280 40 0 0 0
blckhole 1520 320 40 0 0 0
blckhole 1520 360 40 0 0 0
blckhole 1520 400 40 0 0 0
blckhole 1520 440 40 0 0 0
blckhole 1520 480 40 0 0 0
blckhole 1520 520 40 0 0 0
blckhole 1520 560 40 0 0 0
blckhole 1520 600 40 0 0 0
blckhole 1520 640 40 0 0 0
blckhole 1520 680 40 0 0 0
blckhole 1520 720 40 0 0 0
wall 1520 760 40 0 0 0
0
0
0
thorn 1520 920 40 0 0 0
wall 1520 960 40 0 0 0
0
0
wall 1560 0 40 0 0 0
wall 1560 40 40 0 0 0
wall 1560 80 40 0 0 0
wall 1560 120 40 0 0 0
wall 1560 160 40 0 0 0
wall 1560 200 40 0 0 0
wall 1560 240 40 0 0 0
wall 1560 280 40 0 0 0
wall 1560 320 40 0 0 0
wall 1560 360 40 0 0 0
wall 1560 400 40 0 0 0
wall 1560 440 40 0 0 0
wall 1560 480 40 0 0 0
wall 1560 520 40 0 0 0
wall 1560 560 40 0 0 0
wall 1560 600 40 0 0 0
wall 1560 640 40 0 0 0
wall 1560 680 40 0 0 0
wall 1560 720 40 0 0 0
wall 1560 760 40 0 0 0
0
0
0
wall 1560 920 40 0 0 0
wall 1560 960 40 0 0 0
0
0
0
0
0
0
0
0
0
0
0
0
0
wall 1600 440 40 0 0 0
wall 1600 480 40 0 0 0
wall 1600 520 40 0 0 0
wall 1600 560 40 0 0 0
wall 1600 600 40 0 0 0
wall 1600 640 40 0 0 0
wall 1600 680 40 0 0 0
wall 1600 720 40 0 0 0
wall 1600 760 40 0 0 0
0
0
wall 1600 880 40 0 0 0
wall 1600 920 40 0 0 0
wall 1600 960 40 0 0 0
0
0
0
0
0
0
0
0
0
0
0
0
0
wall 1640 440 40 0 0 0
0
0
0
0
0
0
0
0
0
0
0
backblock 1640 920 40 0 0 0
wall 1640 960 40 0 0 0
0
0
0
0
0
0
0
0
0
0
0
0
0
wall 1680 440 40 0 0 0
0
0
0
0
0
0
0
0
0
0
0
backblock 1680 920 40 0 0 0
wall 1680 960 40 0 0 0
0
0
0
0
0
0
0
0
0
0
0
0
0
wall 1720 440 40 0 0 0
0
0
0
wall 1720 600 40 0 0 0
wall 1720 640 40 0 0 0
wall 1720 680 40 0 0 0
wall 1720 720 40 0 0 0
wall 1720 760 40 0 0 0
wall 1720 800 40 0 0 0
wall 1720 840 40 0 0 0
wall 1720 880 40 0 0 0
wall 1720 920 40 0 0 0
wall 1720 960 40 0 0 0
0
0
0
0
0
0
0
0
0
0
0
0
0
wall 1760 440 40 0 0 0
0
0
0
wall 1760 600 40 0 0 0
0
0
0
0
0
0
0
0
0
0
0
0
0
0
0
0
0
0
0
0
0
0
wall 1800 440 40 0 0 0
0
star 1800 520 40 0 0 0
0
wall 1800 600 40 0 0 0
0
0
0
0
0
0
0
0
0
0
0
0
0
0
0
0
0
0
0
0
0
0
wall 1840 440 40 0 0 0
0
0
0
wall 1840 600 40 0 0 0
0
0
0
0
0
0
0
0
0
0
0
0
0
0
0
0
0
0
0
0
0
0
wall 1880 440 40 0 0 0
0
0
0
wall 1880 600 40 0 0 0
0
0
0
0
0
0
0
0
0
0
0
