1920 1080 40
하연 백지 바탕.PNG
wall 0 0 40 0 0 0
wall 0 40 40 0 0 0
wall 0 80 40 0 0 0
wall 0 120 40 0 0 0
wall 0 160 40 0 0 0
wall 0 200 40 0 0 0
wall 0 240 40 0 0 0
wall 0 280 40 0 0 0
wall 0 320 40 0 0 0
wall 0 360 40 0 0 0
wall 0 400 40 0 0 0
wall 0 440 40 0 0 0
wall 0 480 40 0 0 0
wall 0 520 40 0 0 0
wall 0 560 40 0 0 0
wall 0 600 40 0 0 0
wall 0 640 40 0 0 0
wall 0 680 40 0 0 0
wall 0 720 40 0 0 0
wall 0 760 40 0 0 0
wall 0 800 40 0 0 0
wall 0 840 40 0 0 0
wall 0 880 40 0 0 0
wall 0 920 40 0 0 0
wall 0 960 40 0 0 0
wall 0 1000 40 0 0 0
wall 0 1040 40 0 0 0
wall 40 0 40 0 0 0
0
0
wall 40 120 40 0 0 0
0
0
0
0
0
0
0
0
0
0
0
0
0
0
thorn 40 720 40 0 0 0
wall 40 760 40 0 0 0
0
ball 40 840 40 0 0 0
0
0
wall 40 960 40 0 0 0
wall 40 1000 40 0 0 0
wall 40 1040 40 0 0 0
wall 80 0 40 0 0 0
0
portal 80 80 40 0 440 360
wall 80 120 40 0 0 0
0
0
0
0
0
0
0
0
0
0
0
0
0
0
thorn 80 720 40 0 0 0
wall 80 760 40 0 0 0
0
0
0
0
wall 80 960 40 0 0 0
wall 80 1000 40 0 0 0
wall 80 1040 40 0 0 0
wall 120 0 40 0 0 0
0
0
wall 120 120 40 0 0 0
0
0
0
0
0
0
0
wall 120 440 40 0 0 0
wall 120 480 40 0 0 0
wall 120 520 40 0 0 0
wall 120 560 40 0 0 0
0
0
wall 120 680 40 0 0 0
wall 120 720 40 0 0 0
wall 120 760 40 0 0 0
icicle 120 800 40 0 0 0
0
0
0
0
thorn 120 1000 40 0 0 0
wall 120 1040 40 0 0 0
wall 160 0 40 0 0 0
0
0
0
0
0
0
0
0
0
0
spring 160 440 40 0 0 0
thorn 160 480 40 0 0 0
wall 160 520 40 0 0 0
0
0
0
movewal 160 680 40 0 520 680
thorn 160 720 40 0 0 0
wall 160 760 40 0 0 0
icicle 160 800 40 0 0 0
0
0
0
0
thorn 160 1000 40 0 0 0
wall 160 1040 40 0 0 0
wall 200 0 40 0 0 0
0
0
0
0
0
0
0
0
0
0
0
thorn 200 480 40 0 0 0
wall 200 520 40 0 0 0
0
0
0
0
thorn 200 720 40 0 0 0
wall 200 760 40 0 0 0
0
0
0
0
wall 200 960 40 0 0 0
wall 200 1000 40 0 0 0
wall 200 1040 40 0 0 0
wall 240 0 40 0 0 0
0
0
0
wall 240 160 40 0 0 0
0
0
0
0
0
0
0
thorn 240 480 40 0 0 0
wall 240 520 40 0 0 0
0
0
0
0
thorn 240 720 40 0 0 0
wall 240 760 40 0 0 0
icicle 240 800 40 0 0 0
0
0
0
0
thorn 240 1000 40 0 0 0
wall 240 1040 40 0 0 0
wall 280 0 40 0 0 0
0
0
0
0
0
0
0
wall 280 320 40 0 0 0
0
0
0
thorn 280 480 40 0 0 0
wall 280 520 40 0 0 0
0
0
0
0
thorn 280 720 40 0 0 0
wall 280 760 40 0 0 0
icicle 280 800 40 0 0 0
0
0
0
0
thorn 280 1000 40 0 0 0
wall 280 1040 40 0 0 0
wall 320 0 40 0 0 0
0
0
0
0
0
0
0
0
0
0
0
thorn 320 480 40 0 0 0
wall 320 520 40 0 0 0
0
0
0
0
thorn 320 720 40 0 0 0
wall 320 760 40 0 0 0
0
0
0
0
wall 320 960 40 0 0 0
wall 320 1000 40 0 0 0
wall 320 1040 40 0 0 0
wall 360 0 40 0 0 0
0
0
0
0
0
0
0
0
0
0
0
thorn 360 480 40 0 0 0
wall 360 520 40 0 0 0
0
0
0
0
thorn 360 720 40 0 0 0
wall 360 760 40 0 0 0
icicle 360 800 40 0 0 0
0
0
0
0
thorn 360 1000 40 0 0 0
wall 360 1040 40 0 0 0
wall 400 0 40 0 0 0
wall 400 40 40 0 0 0
0
0
0
wall 400 200 40 0 0 0
wall 400 240 40 0 0 0
wall 400 280 40 0 0 0
wall 400 320 40 0 0 0
wall 400 360 40 0 0 0
wall 400 400 40 0 0 0
wall 400 440 40 0 0 0
wall 400 480 40 0 0 0
wall 400 520 40 0 0 0
0
0
0
0
thorn 400 720 40 0 0 0
wall 400 760 40 0 0 0
icicle 400 800 40 0 0 0
0
0
0
0
thorn 400 1000 40 0 0 0
wall 400 1040 40 0 0 0
wall 440 0 40 0 0 0
icicle 440 40 40 0 0 0
0
0
0
0
thorn 440 240 40 0 0 0
wall 440 280 40 0 0 0
0
subpotal 440 360 40 0 80 80
0
wall 440 440 40 0 0 0
thorn 440 480 40 0 0 0
wall 440 520 40 0 0 0
0
0
0
0
thorn 440 720 40 0 0 0
wall 440 760 40 0 0 0
0
0
0
0
wall 440 960 40 0 0 0
wall 440 1000 40 0 0 0
wall 440 1040 40 0 0 0
wall 480 0 40 0 0 0
icicle 480 40 40 0 0 0
0
0
0
0
thorn 480 240 40 0 0 0
wall 480 280 40 0 0 0
0
0
0
wall 480 440 40 0 0 0
thorn 480 480 40 0 0 0
wall 480 520 40 0 0 0
0
0
0
0
thorn 480 720 40 0 0 0
wall 480 760 40 0 0 0
icicle 480 800 40 0 0 0
0
0
0
0
thorn 480 1000 40 0 0 0
wall 480 1040 40 0 0 0
wall 520 0 40 0 0 0
wall 520 40 40 0 0 0
0
0
0
wall 520 200 40 0 0 0
wall 520 240 40 0 0 0
wall 520 280 40 0 0 0
0
0
0
wall 520 440 40 0 0 0
thorn 520 480 40 0 0 0
wall 520 520 40 0 0 0
0
0
0
endpoint 520 680 40 0 160 680
thorn 520 720 40 0 0 0
wall 520 760 40 0 0 0
icicle 520 800 40 0 0 0
0
0
0
0
thorn 520 1000 40 0 0 0
wall 520 1040 40 0 0 0
wall 560 0 40 0 0 0
icicle 560 40 40 0 0 0
0
0
0
0
thorn 560 240 40 0 0 0
wall 560 280 40 0 0 0
0
0
0
0
thorn 560 480 40 0 0 0
wall 560 520 40 0 0 0
0
0
0
wall 560 680 40 0 0 0
wall 560 720 40 0 0 0
wall 560 760 40 0 0 0
wall 560 800 40 0 0 0
wall 560 840 40 0 0 0
0
0
wall 560 960 40 0 0 0
wall 560 1000 40 0 0 0
wall 560 1040 40 0 0 0
wall 600 0 40 0 0 0
icicle 600 40 40 0 0 0
0
0
0
0
thorn 600 240 40 0 0 0
wall 600 280 40 0 0 0
0
0
0
0
thorn 600 480 40 0 0 0
wall 600 520 40 0 0 0
0
0
0
0
0
0
0
0
0
0
0
thorn 600 1000 40 0 0 0
wall 600 1040 40 0 0 0
wall 640 0 40 0 0 0
wall 640 40 40 0 0 0
0
0
0
wall 640 200 40 0 0 0
wall 640 240 40 0 0 0
wall 640 280 40 0 0 0
0
0
0
0
thorn 640 480 40 0 0 0
wall 640 520 40 0 0 0
0
0
0
0
0
0
0
0
0
0
0
thorn 640 1000 40 0 0 0
wall 640 1040 40 0 0 0
wall 680 0 40 0 0 0
icicle 680 40 40 0 0 0
0
0
0
0
thorn 680 240 40 0 0 0
wall 680 280 40 0 0 0
0
0
0
0
thorn 680 480 40 0 0 0
wall 680 520 40 0 0 0
wall 680 560 40 0 0 0
wall 680 600 40 0 0 0
wall 680 640 40 0 0 0
wall 680 680 40 0 0 0
wall 680 720 40 0 0 0
wall 680 760 40 0 0 0
wall 680 800 40 0 0 0
wall 680 840 40 0 0 0
wall 680 880 40 0 0 0
wall 680 920 40 0 0 0
wall 680 960 40 0 0 0
wall 680 1000 40 0 0 0
wall 680 1040 40 0 0 0
wall 720 0 40 0 0 0
icicle 720 40 40 0 0 0
0
0
0
0
thorn 720 240 40 0 0 0
wall 720 280 40 0 0 0
0
0
0
levon 720 440 40 0 920 160
thorn 720 480 40 0 0 0
wall 720 520 40 0 0 0
0
0
0
0
0
0
0
0
0
0
0
0
0
wall 760 0 40 0 0 0
wall 760 40 40 0 0 0
0
0
0
wall 760 200 40 0 0 0
wall 760 240 40 0 0 0
wall 760 280 40 0 0 0
0
0
0
0
thorn 760 480 40 0 0 0
wall 760 520 40 0 0 0
0
0
0
0
0
0
0
0
0
0
0
0
0
wall 800 0 40 0 0 0
icicle 800 40 40 0 0 0
0
0
0
0
thorn 800 240 40 0 0 0
wall 800 280 40 0 0 0
0
0
0
0
thorn 800 480 40 0 0 0
wall 800 520 40 0 0 0
0
0
0
0
0
0
0
0
0
0
0
0
0
wall 840 0 40 0 0 0
icicle 840 40 40 0 0 0
0
0
0
0
thorn 840 240 40 0 0 0
wall 840 280 40 0 0 0
0
0
0
0
thorn 840 480 40 0 0 0
wall 840 520 40 0 0 0
0
0
0
0
0
0
0
0
0
0
0
0
0
wall 880 0 40 0 0 0
wall 880 40 40 0 0 0
0
0
0
wall 880 200 40 0 0 0
wall 880 240 40 0 0 0
wall 880 280 40 0 0 0
0
0
0
0
thorn 880 480 40 0 0 0
wall 880 520 40 0 0 0
0
0
0
0
0
0
0
0
0
0
0
0
0
wall 920 0 40 0 0 0
wall 920 40 40 0 0 0
0
0
lever 920 160 40 0 720 440
wall 920 200 40 0 0 0
wall 920 240 40 0 0 0
wall 920 280 40 0 0 0
0
0
0
wall 920 440 40 0 0 0
wall 920 480 40 0 0 0
wall 920 520 40 0 0 0
0
0
0
0
0
0
0
0
0
0
0
0
0
wall 960 0 40 0 0 0
wall 960 40 40 0 0 0
wall 960 80 40 0 0 0
wall 960 120 40 0 0 0
wall 960 160 40 0 0 0
wall 960 200 40 0 0 0
wall 960 240 40 0 0 0
wall 960 280 40 0 0 0
wall 960 320 40 0 0 0
0
0
wall 960 440 40 0 0 0
wall 960 480 40 0 0 0
wall 960 520 40 0 0 0
0
0
0
0
0
0
0
0
0
0
0
0
0
0
0
0
0
0
0
0
0
0
0
0
0
backblock 1000 480 40 0 0 0
wall 1000 520 40 0 0 0
0
0
0
0
0
0
0
0
0
0
0
0
0
0
0
0
0
0
0
0
0
0
0
0
0
backblock 1040 480 40 0 0 0
wall 1040 520 40 0 0 0
0
0
0
0
0
0
0
0
0
0
0
0
0
0
0
0
0
wall 1080 160 40 0 0 0
wall 1080 200 40 0 0 0
wall 1080 240 40 0 0 0
wall 1080 280 40 0 0 0
wall 1080 320 40 0 0 0
wall 1080 360 40 0 0 0
wall 1080 400 40 0 0 0
wall 1080 440 40 0 0 0
wall 1080 480 40 0 0 0
wall 1080 520 40 0 0 0
wall 1080 560 40 0 0 0
wall 1080 600 40 0 0 0
wall 1080 640 40 0 0 0
wall 1080 680 40 0 0 0
wall 1080 720 40 0 0 0
wall 1080 760 40 0 0 0
wall 1080 800 40 0 0 0
wall 1080 840 40 0 0 0
wall 1080 880 40 0 0 0
wall 1080 920 40 0 0 0
wall 1080 960 40 0 0 0
wall 1080 1000 40 0 0 0
wall 1080 1040 40 0 0 0
0
0
0
0
wall 1120 160 40 0 0 0
blckhole 1120 200 40 0 0 0
blckhole 1120 240 40 0 0 0
blckhole 1120 280 40 0 0 0
blckhole 1120 320 40 0 0 0
blckhole 1120 360 40 0 0 0
blckhole 1120 400 40 0 0 0
blckhole 1120 440 40 0 0 0
blckhole 1120 480 40 0 0 0
blckhole 1120 520 40 0 0 0
blckhole 1120 560 40 0 0 0
blckhole 1120 600 40 0 0 0
blckhole 1120 640 40 0 0 0
blckhole 1120 680 40 0 0 0
blckhole 1120 720 40 0 0 0
blckhole 1120 760 40 0 0 0
blckhole 1120 800 40 0 0 0
blckhole 1120 840 40 0 0 0
wall 1120 880 40 0 0 0
0
0
0
wall 1120 1040 40 0 0 0
0
0
0
0
0
0
0
fakewal 1160 280 40 0 0 0
thorn 1160 320 40 0 0 0
wall 1160 360 40 0 0 0
0
0
0
0
0
0
0
0
0
fakewal 1160 760 40 0 0 0
thorn 1160 800 40 0 0 0
wall 1160 840 40 0 0 0
wall 1160 880 40 0 0 0
0
0
0
wall 1160 1040 40 0 0 0
0
0
0
0
0
0
0
0
0
0
0
0
0
fakewal 1200 520 40 0 0 0
thorn 1200 560 40 0 0 0
wall 1200 600 40 0 0 0
0
0
0
0
0
0
0
0
0
0
wall 1200 1040 40 0 0 0
0
0
0
0
wall 1240 160 40 0 0 0
blckhole 1240 200 40 0 0 0
blckhole 1240 240 40 0 0 0
blckhole 1240 280 40 0 0 0
blckhole 1240 320 40 0 0 0
blckhole 1240 360 40 0 0 0
blckhole 1240 400 40 0 0 0
blckhole 1240 440 40 0 0 0
blckhole 1240 480 40 0 0 0
blckhole 1240 520 40 0 0 0
blckhole 1240 560 40 0 0 0
blckhole 1240 600 40 0 0 0
blckhole 1240 640 40 0 0 0
blckhole 1240 680 40 0 0 0
blckhole 1240 720 40 0 0 0
blckhole 1240 760 40 0 0 0
blckhole 1240 800 40 0 0 0
blckhole 1240 840 40 0 0 0
wall 1240 880 40 0 0 0
0
0
0
wall 1240 1040 40 0 0 0
0
0
0
0
wall 1280 160 40 0 0 0
wall 1280 200 40 0 0 0
wall 1280 240 40 0 0 0
wall 1280 280 40 0 0 0
wall 1280 320 40 0 0 0
wall 1280 360 40 0 0 0
wall 1280 400 40 0 0 0
wall 1280 440 40 0 0 0
wall 1280 480 40 0 0 0
wall 1280 520 40 0 0 0
wall 1280 560 40 0 0 0
wall 1280 600 40 0 0 0
wall 1280 640 40 0 0 0
wall 1280 680 40 0 0 0
wall 1280 720 40 0 0 0
wall 1280 760 40 0 0 0
wall 1280 800 40 0 0 0
wall 1280 840 40 0 0 0
wall 1280 880 40 0 0 0
0
0
0
wall 1280 1040 40 0 0 0
0
0
0
0
0
0
0
0
0
0
0
0
0
0
0
wall 1320 600 40 0 0 0
wall 1320 640 40 0 0 0
wall 1320 680 40 0 0 0
0
0
0
0
0
0
0
0
0
0
0
0
0
0
0
0
0
0
0
0
0
0
0
0
wall 1360 600 40 0 0 0
wall 1360 640 40 0 0 0
wall 1360 680 40 0 0 0
0
0
0
0
0
0
0
wall 1360 1000 40 0 0 0
0
0
0
0
0
0
0
0
0
0
0
0
0
0
0
0
wall 1400 600 40 0 0 0
wall 1400 640 40 0 0 0
blckhole 1400 680 40 0 0 0
0
0
0
0
0
wall 1400 920 40 0 0 0
0
0
0
0
0
0
0
0
0
0
0
0
0
0
0
0
0
0
wall 1440 600 40 0 0 0
wall 1440 640 40 0 0 0
blckhole 1440 680 40 0 0 0
0
0
0
wall 1440 840 40 0 0 0
0
0
0
0
0
0
0
0
0
0
0
0
0
0
0
0
0
0
0
0
wall 1480 600 40 0 0 0
wall 1480 640 40 0 0 0
blckhole 1480 680 40 0 0 0
0
0
spring 1480 800 40 0 0 0
0
0
0
0
0
0
0
0
0
0
0
0
0
0
0
0
0
0
0
0
0
wall 1520 600 40 0 0 0
wall 1520 640 40 0 0 0
blckhole 1520 680 40 0 0 0
0
0
0
spring 1520 840 40 0 0 0
0
0
0
0
0
0
0
0
0
0
0
0
0
0
0
0
0
0
0
0
wall 1560 600 40 0 0 0
wall 1560 640 40 0 0 0
wall 1560 680 40 0 0 0
blckhole 1560 720 40 0 0 0
0
0
magnetic 1560 840 40 0 0 0
0
0
0
0
0
0
0
0
0
0
0
0
0
0
0
0
0
0
0
0
0
0
wall 1600 680 40 0 0 0
blckhole 1600 720 40 0 0 0
0
0
0
spring 1600 880 40 0 0 0
0
0
0
0
0
0
0
0
0
0
0
0
0
0
0
0
0
0
0
0
0
wall 1640 680 40 0 0 0
wall 1640 720 40 0 0 0
blckhole 1640 760 40 0 0 0
0
0
0
spring 1640 920 40 0 0 0
0
0
0
0
0
0
0
0
0
0
0
0
0
0
0
0
0
0
0
0
wall 1680 680 40 0 0 0
wall 1680 720 40 0 0 0
wall 1680 760 40 0 0 0
blckhole 1680 800 40 0 0 0
0
0
0
wall 1680 960 40 0 0 0
0
0
0
0
0
0
0
0
0
0
0
0
0
0
0
0
0
0
0
wall 1720 680 40 0 0 0
wall 1720 720 40 0 0 0
wall 1720 760 40 0 0 0
wall 1720 800 40 0 0 0
0
0
thorn 1720 920 40 0 0 0
wall 1720 960 40 0 0 0
0
0
0
0
0
0
0
0
0
0
0
0
0
0
0
0
0
0
0
0
0
0
wall 1760 800 40 0 0 0
0
0
thorn 1760 920 40 0 0 0
wall 1760 960 40 0 0 0
0
0
0
0
0
0
0
0
0
0
0
0
0
0
0
0
0
0
0
0
0
0
wall 1800 800 40 0 0 0
0
0
0
wall 1800 960 40 0 0 0
0
0
0
0
0
0
0
0
0
0
0
0
0
0
0
0
0
0
0
0
0
0
wall 1840 800 40 0 0 0
0
star 1840 880 40 0 0 0
0
wall 1840 960 40 0 0 0
0
0
0
0
0
0
0
0
0
0
0
0
0
0
0
0
0
0
0
0
0
0
wall 1880 800 40 0 0 0
0
0
0
wall 1880 960 40 0 0 0
0
0
