1920 1080 40
하연 백지 바탕.PNG
wall 0 0 40 0 0 0
wall 0 40 40 0 0 0
wall 0 80 40 0 0 0
wall 0 120 40 0 0 0
wall 0 160 40 0 0 0
wall 0 200 40 0 0 0
wall 0 240 40 0 0 0
wall 0 280 40 0 0 0
wall 0 320 40 0 0 0
wall 0 360 40 0 0 0
wall 0 400 40 0 0 0
wall 0 440 40 0 0 0
wall 0 480 40 0 0 0
wall 0 520 40 0 0 0
wall 0 560 40 0 0 0
wall 0 600 40 0 0 0
wall 0 640 40 0 0 0
wall 0 680 40 0 0 0
wall 0 720 40 0 0 0
wall 0 760 40 0 0 0
wall 0 800 40 0 0 0
wall 0 840 40 0 0 0
wall 0 880 40 0 0 0
wall 0 920 40 0 0 0
wall 0 960 40 0 0 0
wall 0 1000 40 0 0 0
wall 0 1040 40 0 0 0
wall 40 0 40 0 0 0
wall 40 40 40 0 0 0
wall 40 80 40 0 0 0
wall 40 120 40 0 0 0
wall 40 160 40 0 0 0
0
0
0
0
0
0
0
0
0
0
wall 40 600 40 0 0 0
wall 40 640 40 0 0 0
wall 40 680 40 0 0 0
0
0
0
0
0
0
wall 40 960 40 0 0 0
wall 40 1000 40 0 0 0
wall 40 1040 40 0 0 0
wall 80 0 40 0 0 0
0
0
lever 80 120 40 0 1200 960
wall 80 160 40 0 0 0
0
0
0
0
0
0
0
0
0
0
0
wall 80 640 40 0 0 0
wall 80 680 40 0 0 0
0
0
0
0
ball 80 880 40 0 0 0
0
wall 80 960 40 0 0 0
wall 80 1000 40 0 0 0
wall 80 1040 40 0 0 0
wall 120 0 40 0 0 0
0
0
0
wall 120 160 40 0 0 0
0
0
0
0
0
wall 120 400 40 0 0 0
wall 120 440 40 0 0 0
wall 120 480 40 0 0 0
wall 120 520 40 0 0 0
0
0
0
spring 120 680 40 0 0 0
wall 120 720 40 0 0 0
wall 120 760 40 0 0 0
0
0
0
0
wall 120 960 40 0 0 0
wall 120 1000 40 0 0 0
wall 120 1040 40 0 0 0
wall 160 0 40 0 0 0
0
0
0
movewal 160 160 40 0 400 160
0
0
0
0
0
movewal 160 400 40 0 360 400
thorn 160 440 40 0 0 0
wall 160 480 40 0 0 0
0
0
0
0
spring 160 680 40 0 0 0
wall 160 720 40 0 0 0
icicle 160 760 40 0 0 0
0
0
0
0
0
thorn 160 1000 40 0 0 0
wall 160 1040 40 0 0 0
wall 200 0 40 0 0 0
0
0
0
0
0
0
0
0
0
0
thorn 200 440 40 0 0 0
wall 200 480 40 0 0 0
0
0
0
wall 200 640 40 0 0 0
wall 200 680 40 0 0 0
wall 200 720 40 0 0 0
icicle 200 760 40 0 0 0
0
0
0
0
0
thorn 200 1000 40 0 0 0
wall 200 1040 40 0 0 0
wall 240 0 40 0 0 0
0
0
0
0
0
0
0
0
0
0
thorn 240 440 40 0 0 0
wall 240 480 40 0 0 0
0
0
0
0
0
wall 240 720 40 0 0 0
wall 240 760 40 0 0 0
0
0
0
0
wall 240 960 40 0 0 0
thorn 240 1000 40 0 0 0
wall 240 1040 40 0 0 0
wall 280 0 40 0 0 0
0
0
0
0
0
0
0
0
0
0
thorn 280 440 40 0 0 0
wall 280 480 40 0 0 0
0
0
0
0
0
wall 280 720 40 0 0 0
icicle 280 760 40 0 0 0
0
0
0
0
0
thorn 280 1000 40 0 0 0
wall 280 1040 40 0 0 0
wall 320 0 40 0 0 0
0
0
0
0
0
0
0
0
0
0
thorn 320 440 40 0 0 0
wall 320 480 40 0 0 0
0
0
0
wall 320 640 40 0 0 0
wall 320 680 40 0 0 0
wall 320 720 40 0 0 0
icicle 320 760 40 0 0 0
0
0
0
0
0
thorn 320 1000 40 0 0 0
wall 320 1040 40 0 0 0
wall 360 0 40 0 0 0
0
0
0
0
0
0
0
0
0
endpoint 360 400 40 0 160 400
thorn 360 440 40 0 0 0
wall 360 480 40 0 0 0
0
0
0
0
0
wall 360 720 40 0 0 0
wall 360 760 40 0 0 0
0
0
0
0
wall 360 960 40 0 0 0
thorn 360 1000 40 0 0 0
wall 360 1040 40 0 0 0
wall 400 0 40 0 0 0
0
0
0
endpoint 400 160 40 0 160 160
0
0
0
0
0
0
thorn 400 440 40 0 0 0
wall 400 480 40 0 0 0
0
0
0
0
0
wall 400 720 40 0 0 0
icicle 400 760 40 0 0 0
0
0
0
0
0
thorn 400 1000 40 0 0 0
wall 400 1040 40 0 0 0
wall 440 0 40 0 0 0
0
0
0
0
0
0
0
0
0
0
thorn 440 440 40 0 0 0
wall 440 480 40 0 0 0
0
0
0
wall 440 640 40 0 0 0
wall 440 680 40 0 0 0
wall 440 720 40 0 0 0
icicle 440 760 40 0 0 0
0
0
0
0
0
thorn 440 1000 40 0 0 0
wall 440 1040 40 0 0 0
wall 480 0 40 0 0 0
0
0
0
0
0
0
0
0
0
0
thorn 480 440 40 0 0 0
wall 480 480 40 0 0 0
0
0
0
0
0
wall 480 720 40 0 0 0
wall 480 760 40 0 0 0
0
0
0
0
wall 480 960 40 0 0 0
thorn 480 1000 40 0 0 0
wall 480 1040 40 0 0 0
wall 520 0 40 0 0 0
0
0
0
0
0
0
0
0
0
fakewal 520 400 40 0 0 0
thorn 520 440 40 0 0 0
wall 520 480 40 0 0 0
0
0
0
0
0
wall 520 720 40 0 0 0
icicle 520 760 40 0 0 0
0
0
0
0
0
thorn 520 1000 40 0 0 0
wall 520 1040 40 0 0 0
wall 560 0 40 0 0 0
0
0
0
wall 560 160 40 0 0 0
0
0
0
0
0
0
thorn 560 440 40 0 0 0
wall 560 480 40 0 0 0
0
0
0
wall 560 640 40 0 0 0
wall 560 680 40 0 0 0
wall 560 720 40 0 0 0
icicle 560 760 40 0 0 0
0
0
0
0
0
thorn 560 1000 40 0 0 0
wall 560 1040 40 0 0 0
wall 600 0 40 0 0 0
0
0
0
0
0
0
0
0
0
0
thorn 600 440 40 0 0 0
wall 600 480 40 0 0 0
0
0
0
0
0
wall 600 720 40 0 0 0
wall 600 760 40 0 0 0
wall 600 800 40 0 0 0
wall 600 840 40 0 0 0
0
0
wall 600 960 40 0 0 0
thorn 600 1000 40 0 0 0
wall 600 1040 40 0 0 0
wall 640 0 40 0 0 0
0
0
0
0
0
0
0
0
0
0
thorn 640 440 40 0 0 0
wall 640 480 40 0 0 0
0
0
0
0
0
0
0
0
0
0
0
0
thorn 640 1000 40 0 0 0
wall 640 1040 40 0 0 0
wall 680 0 40 0 0 0
0
0
0
0
0
0
0
0
0
0
thorn 680 440 40 0 0 0
wall 680 480 40 0 0 0
0
0
0
0
0
0
0
0
0
0
0
0
thorn 680 1000 40 0 0 0
wall 680 1040 40 0 0 0
wall 720 0 40 0 0 0
0
0
0
wall 720 160 40 0 0 0
0
0
0
0
0
spring 720 400 40 0 0 0
wall 720 440 40 0 0 0
wall 720 480 40 0 0 0
wall 720 520 40 0 0 0
wall 720 560 40 0 0 0
wall 720 600 40 0 0 0
wall 720 640 40 0 0 0
wall 720 680 40 0 0 0
wall 720 720 40 0 0 0
wall 720 760 40 0 0 0
wall 720 800 40 0 0 0
wall 720 840 40 0 0 0
wall 720 880 40 0 0 0
wall 720 920 40 0 0 0
wall 720 960 40 0 0 0
wall 720 1000 40 0 0 0
wall 720 1040 40 0 0 0
wall 760 0 40 0 0 0
0
0
0
0
0
0
0
0
0
0
thorn 760 440 40 0 0 0
wall 760 480 40 0 0 0
blckhole 760 520 40 0 0 0
0
0
0
0
0
0
fakewal 760 800 40 0 0 0
thorn 760 840 40 0 0 0
wall 760 880 40 0 0 0
wall 760 920 40 0 0 0
wall 760 960 40 0 0 0
wall 760 1000 40 0 0 0
wall 760 1040 40 0 0 0
wall 800 0 40 0 0 0
0
0
0
0
0
0
0
0
0
0
thorn 800 440 40 0 0 0
wall 800 480 40 0 0 0
blckhole 800 520 40 0 0 0
0
0
0
0
0
0
0
0
0
0
0
0
wall 800 1040 40 0 0 0
wall 840 0 40 0 0 0
0
0
0
0
0
0
spring 840 280 40 0 0 0
0
0
0
thorn 840 440 40 0 0 0
wall 840 480 40 0 0 0
blckhole 840 520 40 0 0 0
0
0
thorn 840 640 40 0 0 0
wall 840 680 40 0 0 0
wall 840 720 40 0 0 0
wall 840 760 40 0 0 0
wall 840 800 40 0 0 0
0
0
0
0
0
wall 840 1040 40 0 0 0
wall 880 0 40 0 0 0
0
0
0
0
0
0
0
0
0
0
thorn 880 440 40 0 0 0
wall 880 480 40 0 0 0
blckhole 880 520 40 0 0 0
0
0
0
spring 880 680 40 0 0 0
wall 880 720 40 0 0 0
wall 880 760 40 0 0 0
wall 880 800 40 0 0 0
0
0
0
0
0
wall 880 1040 40 0 0 0
wall 920 0 40 0 0 0
0
0
0
0
0
0
0
0
0
wall 920 400 40 0 0 0
thorn 920 440 40 0 0 0
wall 920 480 40 0 0 0
blckhole 920 520 40 0 0 0
0
0
0
wall 920 680 40 0 0 0
wall 920 720 40 0 0 0
wall 920 760 40 0 0 0
wall 920 800 40 0 0 0
0
0
0
0
0
wall 920 1040 40 0 0 0
wall 960 0 40 0 0 0
wall 960 40 40 0 0 0
wall 960 80 40 0 0 0
wall 960 120 40 0 0 0
wall 960 160 40 0 0 0
wall 960 200 40 0 0 0
wall 960 240 40 0 0 0
wall 960 280 40 0 0 0
0
0
0
thorn 960 440 40 0 0 0
wall 960 480 40 0 0 0
blckhole 960 520 40 0 0 0
0
0
0
spring 960 680 40 0 0 0
wall 960 720 40 0 0 0
wall 960 760 40 0 0 0
wall 960 800 40 0 0 0
0
0
0
0
wall 960 1000 40 0 0 0
wall 960 1040 40 0 0 0
wall 1000 0 40 0 0 0
wall 1000 40 40 0 0 0
wall 1000 80 40 0 0 0
wall 1000 120 40 0 0 0
wall 1000 160 40 0 0 0
wall 1000 200 40 0 0 0
wall 1000 240 40 0 0 0
0
0
0
0
thorn 1000 440 40 0 0 0
wall 1000 480 40 0 0 0
blckhole 1000 520 40 0 0 0
0
0
0
spring 1000 680 40 0 0 0
wall 1000 720 40 0 0 0
wall 1000 760 40 0 0 0
wall 1000 800 40 0 0 0
0
0
0
wall 1000 960 40 0 0 0
wall 1000 1000 40 0 0 0
wall 1000 1040 40 0 0 0
wall 1040 0 40 0 0 0
wall 1040 40 40 0 0 0
wall 1040 80 40 0 0 0
wall 1040 120 40 0 0 0
wall 1040 160 40 0 0 0
wall 1040 200 40 0 0 0
wall 1040 240 40 0 0 0
wall 1040 280 40 0 0 0
0
0
0
thorn 1040 440 40 0 0 0
wall 1040 480 40 0 0 0
blckhole 1040 520 40 0 0 0
0
0
0
spring 1040 680 40 0 0 0
wall 1040 720 40 0 0 0
wall 1040 760 40 0 0 0
wall 1040 800 40 0 0 0
0
0
0
0
thorn 1040 1000 40 0 0 0
wall 1040 1040 40 0 0 0
wall 1080 0 40 0 0 0
0
0
0
0
0
0
0
0
0
0
thorn 1080 440 40 0 0 0
wall 1080 480 40 0 0 0
blckhole 1080 520 40 0 0 0
0
0
0
wall 1080 680 40 0 0 0
0
thorn 1080 760 40 0 0 0
wall 1080 800 40 0 0 0
0
0
0
0
thorn 1080 1000 40 0 0 0
wall 1080 1040 40 0 0 0
wall 1120 0 40 0 0 0
0
0
0
0
0
0
0
0
0
spring 1120 400 40 0 0 0
wall 1120 440 40 0 0 0
wall 1120 480 40 0 0 0
blckhole 1120 520 40 0 0 0
0
0
0
0
0
thorn 1120 760 40 0 0 0
wall 1120 800 40 0 0 0
0
0
0
0
thorn 1120 1000 40 0 0 0
wall 1120 1040 40 0 0 0
wall 1160 0 40 0 0 0
0
0
0
wall 1160 160 40 0 0 0
wall 1160 200 40 0 0 0
wall 1160 240 40 0 0 0
wall 1160 280 40 0 0 0
wall 1160 320 40 0 0 0
wall 1160 360 40 0 0 0
wall 1160 400 40 0 0 0
wall 1160 440 40 0 0 0
wall 1160 480 40 0 0 0
wall 1160 520 40 0 0 0
wall 1160 560 40 0 0 0
0
0
0
0
thorn 1160 760 40 0 0 0
wall 1160 800 40 0 0 0
0
0
0
0
thorn 1160 1000 40 0 0 0
wall 1160 1040 40 0 0 0
wall 1200 0 40 0 0 0
0
0
0
0
0
fakewal 1200 240 40 0 0 0
blckhole 1200 280 40 0 0 0
0
0
0
0
fakewal 1200 480 40 0 0 0
blckhole 1200 520 40 0 0 0
0
0
0
0
fakewal 1200 720 40 0 0 0
thorn 1200 760 40 0 0 0
wall 1200 800 40 0 0 0
0
0
0
levon 1200 960 40 0 80 120
thorn 1200 1000 40 0 0 0
wall 1200 1040 40 0 0 0
wall 1240 0 40 0 0 0
0
0
0
0
0
0
0
0
0
0
0
0
0
0
0
0
0
0
thorn 1240 760 40 0 0 0
wall 1240 800 40 0 0 0
0
0
0
0
thorn 1240 1000 40 0 0 0
wall 1240 1040 40 0 0 0
wall 1280 0 40 0 0 0
0
0
0
0
0
0
0
0
fakewal 1280 360 40 0 0 0
blckhole 1280 400 40 0 0 0
0
0
0
0
fakewal 1280 600 40 0 0 0
blckhole 1280 640 40 0 0 0
0
0
thorn 1280 760 40 0 0 0
wall 1280 800 40 0 0 0
0
0
0
0
thorn 1280 1000 40 0 0 0
wall 1280 1040 40 0 0 0
wall 1320 0 40 0 0 0
wall 1320 40 40 0 0 0
wall 1320 80 40 0 0 0
wall 1320 120 40 0 0 0
wall 1320 160 40 0 0 0
wall 1320 200 40 0 0 0
wall 1320 240 40 0 0 0
wall 1320 280 40 0 0 0
wall 1320 320 40 0 0 0
wall 1320 360 40 0 0 0
wall 1320 400 40 0 0 0
wall 1320 440 40 0 0 0
wall 1320 480 40 0 0 0
wall 1320 520 40 0 0 0
wall 1320 560 40 0 0 0
wall 1320 600 40 0 0 0
wall 1320 640 40 0 0 0
wall 1320 680 40 0 0 0
wall 1320 720 40 0 0 0
wall 1320 760 40 0 0 0
wall 1320 800 40 0 0 0
0
0
0
0
thorn 1320 1000 40 0 0 0
wall 1320 1040 40 0 0 0
wall 1360 0 40 0 0 0
0
0
0
0
0
0
0
0
0
0
0
0
0
0
0
0
0
0
thorn 1360 760 40 0 0 0
wall 1360 800 40 0 0 0
0
0
0
0
wall 1360 1000 40 0 0 0
wall 1360 1040 40 0 0 0
wall 1400 0 40 0 0 0
0
0
0
0
0
0
0
0
0
0
0
0
0
0
0
0
0
0
thorn 1400 760 40 0 0 0
wall 1400 800 40 0 0 0
0
0
0
0
wall 1400 1000 40 0 0 0
wall 1400 1040 40 0 0 0
wall 1440 0 40 0 0 0
0
0
0
0
0
wall 1440 240 40 0 0 0
wall 1440 280 40 0 0 0
wall 1440 320 40 0 0 0
wall 1440 360 40 0 0 0
wall 1440 400 40 0 0 0
wall 1440 440 40 0 0 0
wall 1440 480 40 0 0 0
wall 1440 520 40 0 0 0
wall 1440 560 40 0 0 0
0
0
wall 1440 680 40 0 0 0
wall 1440 720 40 0 0 0
wall 1440 760 40 0 0 0
wall 1440 800 40 0 0 0
wall 1440 840 40 0 0 0
wall 1440 880 40 0 0 0
0
0
thorn 1440 1000 40 0 0 0
wall 1440 1040 40 0 0 0
wall 1480 0 40 0 0 0
0
0
0
0
0
0
0
0
0
movewal 1480 400 40 0 1680 400
0
0
thorn 1480 520 40 0 0 0
wall 1480 560 40 0 0 0
0
0
0
0
0
0
backblock 1480 840 40 0 0 0
wall 1480 880 40 0 0 0
0
0
thorn 1480 1000 40 0 0 0
wall 1480 1040 40 0 0 0
wall 1520 0 40 0 0 0
0
0
0
0
0
0
0
0
0
0
0
0
thorn 1520 520 40 0 0 0
wall 1520 560 40 0 0 0
0
0
0
0
0
0
backblock 1520 840 40 0 0 0
wall 1520 880 40 0 0 0
0
0
0
wall 1520 1040 40 0 0 0
wall 1560 0 40 0 0 0
0
0
0
0
0
0
0
0
0
0
0
0
thorn 1560 520 40 0 0 0
wall 1560 560 40 0 0 0
wall 1560 600 40 0 0 0
wall 1560 640 40 0 0 0
wall 1560 680 40 0 0 0
wall 1560 720 40 0 0 0
0
0
wall 1560 840 40 0 0 0
wall 1560 880 40 0 0 0
0
0
0
wall 1560 1040 40 0 0 0
wall 1600 0 40 0 0 0
0
0
0
0
0
0
0
0
0
0
0
0
thorn 1600 520 40 0 0 0
wall 1600 560 40 0 0 0
0
0
0
0
0
0
0
0
0
0
thorn 1600 1000 40 0 0 0
wall 1600 1040 40 0 0 0
wall 1640 0 40 0 0 0
0
0
0
0
0
0
0
0
0
0
0
0
thorn 1640 520 40 0 0 0
wall 1640 560 40 0 0 0
0
0
0
0
0
0
0
0
0
0
thorn 1640 1000 40 0 0 0
wall 1640 1040 40 0 0 0
wall 1680 0 40 0 0 0
0
0
0
0
0
0
0
0
0
endpoint 1680 400 40 0 1480 400
0
0
thorn 1680 520 40 0 0 0
wall 1680 560 40 0 0 0
0
0
0
0
0
0
0
0
0
0
thorn 1680 1000 40 0 0 0
wall 1680 1040 40 0 0 0
wall 1720 0 40 0 0 0
0
0
0
0
0
0
0
0
0
0
0
0
thorn 1720 520 40 0 0 0
wall 1720 560 40 0 0 0
0
0
0
0
0
0
0
0
0
0
0
wall 1720 1040 40 0 0 0
wall 1760 0 40 0 0 0
0
0
0
0
0
0
0
0
0
0
0
0
thorn 1760 520 40 0 0 0
wall 1760 560 40 0 0 0
0
0
0
0
0
0
0
fakewal 1760 880 40 0 0 0
0
0
0
wall 1760 1040 40 0 0 0
wall 1800 0 40 0 0 0
wall 1800 40 40 0 0 0
wall 1800 80 40 0 0 0
wall 1800 120 40 0 0 0
wall 1800 160 40 0 0 0
wall 1800 200 40 0 0 0
wall 1800 240 40 0 0 0
0
0
0
wall 1800 400 40 0 0 0
0
0
thorn 1800 520 40 0 0 0
wall 1800 560 40 0 0 0
0
0
0
0
0
0
0
0
0
0
wall 1800 1000 40 0 0 0
wall 1800 1040 40 0 0 0
wall 1840 0 40 0 0 0
wall 1840 40 40 0 0 0
wall 1840 80 40 0 0 0
wall 1840 120 40 0 0 0
wall 1840 160 40 0 0 0
wall 1840 200 40 0 0 0
wall 1840 240 40 0 0 0
0
star 1840 320 40 0 0 0
0
wall 1840 400 40 0 0 0
0
0
thorn 1840 520 40 0 0 0
wall 1840 560 40 0 0 0
0
0
0
0
0
0
0
0
0
spring 1840 960 40 0 0 0
wall 1840 1000 40 0 0 0
wall 1840 1040 40 0 0 0
wall 1880 0 40 0 0 0
wall 1880 40 40 0 0 0
wall 1880 80 40 0 0 0
wall 1880 120 40 0 0 0
wall 1880 160 40 0 0 0
wall 1880 200 40 0 0 0
wall 1880 240 40 0 0 0
0
0
0
wall 1880 400 40 0 0 0
wall 1880 440 40 0 0 0
wall 1880 480 40 0 0 0
wall 1880 520 40 0 0 0
wall 1880 560 40 0 0 0
wall 1880 600 40 0 0 0
wall 1880 640 40 0 0 0
wall 1880 680 40 0 0 0
wall 1880 720 40 0 0 0
wall 1880 760 40 0 0 0
wall 1880 800 40 0 0 0
wall 1880 840 40 0 0 0
wall 1880 880 40 0 0 0
wall 1880 920 40 0 0 0
wall 1880 960 40 0 0 0
wall 1880 1000 40 0 0 0
wall 1880 1040 40 0 0 0
