1920 1080 40
하연 백지 바탕.PNG
wall 0 0 40 0 0 0
wall 0 40 40 0 0 0
wall 0 80 40 0 0 0
wall 0 120 40 0 0 0
wall 0 160 40 0 0 0
wall 0 200 40 0 0 0
wall 0 240 40 0 0 0
wall 0 280 40 0 0 0
wall 0 320 40 0 0 0
wall 0 360 40 0 0 0
wall 0 400 40 0 0 0
wall 0 440 40 0 0 0
wall 0 480 40 0 0 0
wall 0 520 40 0 0 0
wall 0 560 40 0 0 0
wall 0 600 40 0 0 0
wall 0 640 40 0 0 0
wall 0 680 40 0 0 0
wall 0 720 40 0 0 0
wall 0 760 40 0 0 0
wall 0 800 40 0 0 0
wall 0 840 40 0 0 0
wall 0 880 40 0 0 0
wall 0 920 40 0 0 0
wall 0 960 40 0 0 0
wall 0 1000 40 0 0 0
wall 0 1040 40 0 0 0
wall 40 0 40 0 0 0
wall 40 40 40 0 0 0
blckhole 40 80 40 0 0 0
0
0
portal 40 200 40 0 920 160
wall 40 240 40 0 0 0
0
0
0
0
0
0
0
0
0
0
0
0
0
thorn 40 800 40 0 0 0
wall 40 840 40 0 0 0
ball 40 880 40 0 0 0
0
0
wall 40 1000 40 0 0 0
wall 40 1040 40 0 0 0
wall 80 0 40 0 0 0
wall 80 40 40 0 0 0
blckhole 80 80 40 0 0 0
0
0
0
wall 80 240 40 0 0 0
0
0
0
0
0
0
0
0
0
0
0
0
0
thorn 80 800 40 0 0 0
wall 80 840 40 0 0 0
0
0
0
wall 80 1000 40 0 0 0
wall 80 1040 40 0 0 0
wall 120 0 40 0 0 0
wall 120 40 40 0 0 0
blckhole 120 80 40 0 0 0
0
0
0
wall 120 240 40 0 0 0
0
0
0
0
wall 120 440 40 0 0 0
wall 120 480 40 0 0 0
wall 120 520 40 0 0 0
wall 120 560 40 0 0 0
wall 120 600 40 0 0 0
wall 120 640 40 0 0 0
0
0
wall 120 760 40 0 0 0
wall 120 800 40 0 0 0
wall 120 840 40 0 0 0
0
0
wall 120 960 40 0 0 0
wall 120 1000 40 0 0 0
wall 120 1040 40 0 0 0
wall 160 0 40 0 0 0
wall 160 40 40 0 0 0
blckhole 160 80 40 0 0 0
0
0
spring 160 200 40 0 0 0
wall 160 240 40 0 0 0
wall 160 280 40 0 0 0
0
0
0
movewal 160 440 40 0 680 440
thorn 160 480 40 0 0 0
wall 160 520 40 0 0 0
wall 160 560 40 0 0 0
cannon 160 600 40 1 0 0
wall 160 640 40 0 0 0
0
0
wall 160 760 40 0 0 0
icicle 160 800 40 0 0 0
0
0
0
0
thorn 160 1000 40 0 0 0
wall 160 1040 40 0 0 0
wall 200 0 40 0 0 0
wall 200 40 40 0 0 0
blckhole 200 80 40 0 0 0
0
0
spring 200 200 40 0 0 0
wall 200 240 40 0 0 0
wall 200 280 40 0 0 0
0
0
0
0
thorn 200 480 40 0 0 0
wall 200 520 40 0 0 0
0
0
0
0
0
wall 200 760 40 0 0 0
icicle 200 800 40 0 0 0
0
0
0
0
thorn 200 1000 40 0 0 0
wall 200 1040 40 0 0 0
wall 240 0 40 0 0 0
wall 240 40 40 0 0 0
blckhole 240 80 40 0 0 0
0
0
0
wall 240 240 40 0 0 0
wall 240 280 40 0 0 0
0
0
0
0
thorn 240 480 40 0 0 0
wall 240 520 40 0 0 0
0
0
0
wall 240 680 40 0 0 0
wall 240 720 40 0 0 0
wall 240 760 40 0 0 0
wall 240 800 40 0 0 0
0
0
0
wall 240 960 40 0 0 0
wall 240 1000 40 0 0 0
wall 240 1040 40 0 0 0
wall 280 0 40 0 0 0
wall 280 40 40 0 0 0
blckhole 280 80 40 0 0 0
0
0
0
spring 280 240 40 0 0 0
wall 280 280 40 0 0 0
0
0
0
0
thorn 280 480 40 0 0 0
wall 280 520 40 0 0 0
0
0
0
0
wall 280 720 40 0 0 0
wall 280 760 40 0 0 0
icicle 280 800 40 0 0 0
0
0
0
0
thorn 280 1000 40 0 0 0
wall 280 1040 40 0 0 0
wall 320 0 40 0 0 0
wall 320 40 40 0 0 0
blckhole 320 80 40 0 0 0
0
0
spring 320 200 40 0 0 0
wall 320 240 40 0 0 0
wall 320 280 40 0 0 0
0
0
0
0
thorn 320 480 40 0 0 0
wall 320 520 40 0 0 0
0
0
0
0
wall 320 720 40 0 0 0
wall 320 760 40 0 0 0
icicle 320 800 40 0 0 0
0
0
0
0
thorn 320 1000 40 0 0 0
wall 320 1040 40 0 0 0
wall 360 0 40 0 0 0
wall 360 40 40 0 0 0
blckhole 360 80 40 0 0 0
0
0
0
wall 360 240 40 0 0 0
wall 360 280 40 0 0 0
0
0
0
0
thorn 360 480 40 0 0 0
wall 360 520 40 0 0 0
0
0
0
wall 360 680 40 0 0 0
wall 360 720 40 0 0 0
wall 360 760 40 0 0 0
wall 360 800 40 0 0 0
0
0
0
wall 360 960 40 0 0 0
wall 360 1000 40 0 0 0
wall 360 1040 40 0 0 0
wall 400 0 40 0 0 0
wall 400 40 40 0 0 0
blckhole 400 80 40 0 0 0
0
0
0
spring 400 240 40 0 0 0
wall 400 280 40 0 0 0
0
0
0
0
thorn 400 480 40 0 0 0
wall 400 520 40 0 0 0
0
0
0
0
wall 400 720 40 0 0 0
wall 400 760 40 0 0 0
icicle 400 800 40 0 0 0
0
0
0
0
thorn 400 1000 40 0 0 0
wall 400 1040 40 0 0 0
wall 440 0 40 0 0 0
wall 440 40 40 0 0 0
blckhole 440 80 40 0 0 0
0
0
0
spring 440 240 40 0 0 0
wall 440 280 40 0 0 0
0
0
0
0
thorn 440 480 40 0 0 0
wall 440 520 40 0 0 0
0
0
0
0
wall 440 720 40 0 0 0
wall 440 760 40 0 0 0
icicle 440 800 40 0 0 0
0
0
0
0
thorn 440 1000 40 0 0 0
wall 440 1040 40 0 0 0
wall 480 0 40 0 0 0
wall 480 40 40 0 0 0
blckhole 480 80 40 0 0 0
0
0
0
spring 480 240 40 0 0 0
wall 480 280 40 0 0 0
0
0
0
0
thorn 480 480 40 0 0 0
wall 480 520 40 0 0 0
0
0
0
wall 480 680 40 0 0 0
wall 480 720 40 0 0 0
wall 480 760 40 0 0 0
wall 480 800 40 0 0 0
0
0
0
wall 480 960 40 0 0 0
wall 480 1000 40 0 0 0
wall 480 1040 40 0 0 0
wall 520 0 40 0 0 0
wall 520 40 40 0 0 0
blckhole 520 80 40 0 0 0
0
0
spring 520 200 40 0 0 0
wall 520 240 40 0 0 0
wall 520 280 40 0 0 0
0
0
0
0
thorn 520 480 40 0 0 0
wall 520 520 40 0 0 0
0
0
0
0
wall 520 720 40 0 0 0
wall 520 760 40 0 0 0
icicle 520 800 40 0 0 0
0
0
0
0
thorn 520 1000 40 0 0 0
wall 520 1040 40 0 0 0
wall 560 0 40 0 0 0
wall 560 40 40 0 0 0
blckhole 560 80 40 0 0 0
0
0
wall 560 200 40 0 0 0
wall 560 240 40 0 0 0
wall 560 280 40 0 0 0
0
0
0
0
thorn 560 480 40 0 0 0
wall 560 520 40 0 0 0
0
0
0
0
wall 560 720 40 0 0 0
wall 560 760 40 0 0 0
icicle 560 800 40 0 0 0
0
0
0
0
thorn 560 1000 40 0 0 0
wall 560 1040 40 0 0 0
wall 600 0 40 0 0 0
wall 600 40 40 0 0 0
blckhole 600 80 40 0 0 0
0
0
0
spring 600 240 40 0 0 0
wall 600 280 40 0 0 0
0
0
0
0
thorn 600 480 40 0 0 0
wall 600 520 40 0 0 0
0
0
0
wall 600 680 40 0 0 0
wall 600 720 40 0 0 0
wall 600 760 40 0 0 0
wall 600 800 40 0 0 0
0
0
0
wall 600 960 40 0 0 0
wall 600 1000 40 0 0 0
wall 600 1040 40 0 0 0
wall 640 0 40 0 0 0
wall 640 40 40 0 0 0
blckhole 640 80 40 0 0 0
0
0
0
spring 640 240 40 0 0 0
wall 640 280 40 0 0 0
0
0
0
0
thorn 640 480 40 0 0 0
wall 640 520 40 0 0 0
0
0
0
0
wall 640 720 40 0 0 0
wall 640 760 40 0 0 0
icicle 640 800 40 0 0 0
0
0
0
0
thorn 640 1000 40 0 0 0
wall 640 1040 40 0 0 0
wall 680 0 40 0 0 0
wall 680 40 40 0 0 0
blckhole 680 80 40 0 0 0
0
0
0
spring 680 240 40 0 0 0
0
0
0
0
endpoint 680 440 40 0 160 440
thorn 680 480 40 0 0 0
wall 680 520 40 0 0 0
0
0
0
0
wall 680 720 40 0 0 0
wall 680 760 40 0 0 0
icicle 680 800 40 0 0 0
0
0
0
0
thorn 680 1000 40 0 0 0
wall 680 1040 40 0 0 0
wall 720 0 40 0 0 0
wall 720 40 40 0 0 0
blckhole 720 80 40 0 0 0
0
0
0
wall 720 240 40 0 0 0
wall 720 280 40 0 0 0
wall 720 320 40 0 0 0
0
0
wall 720 440 40 0 0 0
wall 720 480 40 0 0 0
wall 720 520 40 0 0 0
0
0
0
wall 720 680 40 0 0 0
wall 720 720 40 0 0 0
wall 720 760 40 0 0 0
wall 720 800 40 0 0 0
wall 720 840 40 0 0 0
0
0
wall 720 960 40 0 0 0
wall 720 1000 40 0 0 0
wall 720 1040 40 0 0 0
wall 760 0 40 0 0 0
wall 760 40 40 0 0 0
blckhole 760 80 40 0 0 0
0
0
0
0
0
0
0
0
0
thorn 760 480 40 0 0 0
wall 760 520 40 0 0 0
0
0
0
0
0
0
0
0
0
0
0
thorn 760 1000 40 0 0 0
wall 760 1040 40 0 0 0
wall 800 0 40 0 0 0
wall 800 40 40 0 0 0
blckhole 800 80 40 0 0 0
0
0
0
0
0
0
0
0
0
thorn 800 480 40 0 0 0
wall 800 520 40 0 0 0
0
0
0
0
0
0
0
0
0
0
0
thorn 800 1000 40 0 0 0
wall 800 1040 40 0 0 0
wall 840 0 40 0 0 0
wall 840 40 40 0 0 0
wall 840 80 40 0 0 0
wall 840 120 40 0 0 0
wall 840 160 40 0 0 0
wall 840 200 40 0 0 0
wall 840 240 40 0 0 0
wall 840 280 40 0 0 0
wall 840 320 40 0 0 0
wall 840 360 40 0 0 0
wall 840 400 40 0 0 0
wall 840 440 40 0 0 0
wall 840 480 40 0 0 0
wall 840 520 40 0 0 0
wall 840 560 40 0 0 0
wall 840 600 40 0 0 0
wall 840 640 40 0 0 0
wall 840 680 40 0 0 0
wall 840 720 40 0 0 0
wall 840 760 40 0 0 0
wall 840 800 40 0 0 0
wall 840 840 40 0 0 0
wall 840 880 40 0 0 0
wall 840 920 40 0 0 0
wall 840 960 40 0 0 0
wall 840 1000 40 0 0 0
wall 840 1040 40 0 0 0
wall 880 0 40 0 0 0
wall 880 40 40 0 0 0
wall 880 80 40 0 0 0
wall 880 120 40 0 0 0
0
0
0
0
wall 880 320 40 0 0 0
wall 880 360 40 0 0 0
0
0
0
0
0
0
0
fakewal 880 680 40 0 0 0
blckhole 880 720 40 0 0 0
0
0
0
0
fakewal 880 920 40 0 0 0
blckhole 880 960 40 0 0 0
wall 880 1000 40 0 0 0
wall 880 1040 40 0 0 0
wall 920 0 40 0 0 0
wall 920 40 40 0 0 0
wall 920 80 40 0 0 0
wall 920 120 40 0 0 0
subpotal 920 160 40 0 40 200
0
0
0
wall 920 320 40 0 0 0
wall 920 360 40 0 0 0
0
0
0
0
fakewal 920 560 40 0 0 0
blckhole 920 600 40 0 0 0
0
0
0
0
fakewal 920 800 40 0 0 0
blckhole 920 840 40 0 0 0
0
0
0
0
wall 920 1040 40 0 0 0
wall 960 0 40 0 0 0
wall 960 40 40 0 0 0
wall 960 80 40 0 0 0
wall 960 120 40 0 0 0
0
0
0
0
wall 960 320 40 0 0 0
wall 960 360 40 0 0 0
0
0
0
wall 960 520 40 0 0 0
wall 960 560 40 0 0 0
wall 960 600 40 0 0 0
wall 960 640 40 0 0 0
wall 960 680 40 0 0 0
wall 960 720 40 0 0 0
wall 960 760 40 0 0 0
wall 960 800 40 0 0 0
wall 960 840 40 0 0 0
0
0
0
0
wall 960 1040 40 0 0 0
wall 1000 0 40 0 0 0
wall 1000 40 40 0 0 0
wall 1000 80 40 0 0 0
wall 1000 120 40 0 0 0
0
0
0
0
wall 1000 320 40 0 0 0
wall 1000 360 40 0 0 0
0
0
0
0
thorn 1000 560 40 0 0 0
wall 1000 600 40 0 0 0
0
0
0
0
0
0
0
0
0
wall 1000 1000 40 0 0 0
wall 1000 1040 40 0 0 0
wall 1040 0 40 0 0 0
wall 1040 40 40 0 0 0
icicle 1040 80 40 0 0 0
0
0
0
0
0
thorn 1040 320 40 0 0 0
wall 1040 360 40 0 0 0
0
0
0
0
thorn 1040 560 40 0 0 0
wall 1040 600 40 0 0 0
0
0
0
0
0
0
0
0
wall 1040 960 40 0 0 0
wall 1040 1000 40 0 0 0
wall 1040 1040 40 0 0 0
wall 1080 0 40 0 0 0
wall 1080 40 40 0 0 0
wall 1080 80 40 0 0 0
icicle 1080 120 40 0 0 0
0
0
0
0
thorn 1080 320 40 0 0 0
wall 1080 360 40 0 0 0
0
0
0
0
thorn 1080 560 40 0 0 0
wall 1080 600 40 0 0 0
0
0
0
0
0
0
0
0
0
thorn 1080 1000 40 0 0 0
wall 1080 1040 40 0 0 0
wall 1120 0 40 0 0 0
wall 1120 40 40 0 0 0
icicle 1120 80 40 0 0 0
0
0
0
0
0
thorn 1120 320 40 0 0 0
wall 1120 360 40 0 0 0
0
0
0
0
thorn 1120 560 40 0 0 0
wall 1120 600 40 0 0 0
0
0
0
0
0
0
0
0
0
thorn 1120 1000 40 0 0 0
wall 1120 1040 40 0 0 0
wall 1160 0 40 0 0 0
wall 1160 40 40 0 0 0
wall 1160 80 40 0 0 0
icicle 1160 120 40 0 0 0
0
0
0
0
thorn 1160 320 40 0 0 0
wall 1160 360 40 0 0 0
0
0
0
fakewal 1160 520 40 0 0 0
thorn 1160 560 40 0 0 0
wall 1160 600 40 0 0 0
0
0
0
0
0
0
0
0
0
thorn 1160 1000 40 0 0 0
wall 1160 1040 40 0 0 0
wall 1200 0 40 0 0 0
wall 1200 40 40 0 0 0
wall 1200 80 40 0 0 0
wall 1200 120 40 0 0 0
0
0
0
0
wall 1200 320 40 0 0 0
wall 1200 360 40 0 0 0
0
0
0
0
thorn 1200 560 40 0 0 0
wall 1200 600 40 0 0 0
0
0
0
0
0
0
0
0
0
thorn 1200 1000 40 0 0 0
wall 1200 1040 40 0 0 0
wall 1240 0 40 0 0 0
wall 1240 40 40 0 0 0
icicle 1240 80 40 0 0 0
0
0
0
0
0
thorn 1240 320 40 0 0 0
wall 1240 360 40 0 0 0
0
0
0
0
thorn 1240 560 40 0 0 0
wall 1240 600 40 0 0 0
0
0
0
0
0
0
0
0
blinkblock 1240 960 40 0 0 0
thorn 1240 1000 40 0 0 0
wall 1240 1040 40 0 0 0
wall 1280 0 40 0 0 0
wall 1280 40 40 0 0 0
wall 1280 80 40 0 0 0
icicle 1280 120 40 0 0 0
0
0
0
0
thorn 1280 320 40 0 0 0
wall 1280 360 40 0 0 0
0
0
0
0
thorn 1280 560 40 0 0 0
wall 1280 600 40 0 0 0
0
0
0
0
0
0
0
0
0
thorn 1280 1000 40 0 0 0
wall 1280 1040 40 0 0 0
wall 1320 0 40 0 0 0
wall 1320 40 40 0 0 0
icicle 1320 80 40 0 0 0
0
0
0
0
0
thorn 1320 320 40 0 0 0
wall 1320 360 40 0 0 0
0
0
0
fakewal 1320 520 40 0 0 0
thorn 1320 560 40 0 0 0
wall 1320 600 40 0 0 0
0
0
0
0
0
0
0
0
0
thorn 1320 1000 40 0 0 0
wall 1320 1040 40 0 0 0
wall 1360 0 40 0 0 0
wall 1360 40 40 0 0 0
wall 1360 80 40 0 0 0
icicle 1360 120 40 0 0 0
0
0
0
0
thorn 1360 320 40 0 0 0
wall 1360 360 40 0 0 0
0
0
0
0
thorn 1360 560 40 0 0 0
wall 1360 600 40 0 0 0
0
0
0
0
0
0
0
0
0
thorn 1360 1000 40 0 0 0
wall 1360 1040 40 0 0 0
wall 1400 0 40 0 0 0
wall 1400 40 40 0 0 0
wall 1400 80 40 0 0 0
wall 1400 120 40 0 0 0
0
0
0
0
wall 1400 320 40 0 0 0
wall 1400 360 40 0 0 0
0
0
0
0
thorn 1400 560 40 0 0 0
wall 1400 600 40 0 0 0
0
0
0
0
0
0
0
0
0
thorn 1400 1000 40 0 0 0
wall 1400 1040 40 0 0 0
wall 1440 0 40 0 0 0
wall 1440 40 40 0 0 0
icicle 1440 80 40 0 0 0
0
0
0
0
0
thorn 1440 320 40 0 0 0
wall 1440 360 40 0 0 0
0
0
0
0
thorn 1440 560 40 0 0 0
wall 1440 600 40 0 0 0
0
0
0
0
0
0
0
0
wall 1440 960 40 0 0 0
wall 1440 1000 40 0 0 0
wall 1440 1040 40 0 0 0
wall 1480 0 40 0 0 0
wall 1480 40 40 0 0 0
wall 1480 80 40 0 0 0
icicle 1480 120 40 0 0 0
0
0
0
0
thorn 1480 320 40 0 0 0
wall 1480 360 40 0 0 0
0
0
0
0
thorn 1480 560 40 0 0 0
wall 1480 600 40 0 0 0
0
0
0
0
0
0
0
0
0
thorn 1480 1000 40 0 0 0
wall 1480 1040 40 0 0 0
wall 1520 0 40 0 0 0
wall 1520 40 40 0 0 0
icicle 1520 80 40 0 0 0
0
0
0
0
0
thorn 1520 320 40 0 0 0
wall 1520 360 40 0 0 0
0
0
0
wall 1520 520 40 0 0 0
wall 1520 560 40 0 0 0
wall 1520 600 40 0 0 0
wall 1520 640 40 0 0 0
wall 1520 680 40 0 0 0
wall 1520 720 40 0 0 0
wall 1520 760 40 0 0 0
0
0
0
0
0
thorn 1520 1000 40 0 0 0
wall 1520 1040 40 0 0 0
wall 1560 0 40 0 0 0
wall 1560 40 40 0 0 0
wall 1560 80 40 0 0 0
icicle 1560 120 40 0 0 0
0
0
0
0
thorn 1560 320 40 0 0 0
wall 1560 360 40 0 0 0
0
0
0
0
0
0
0
0
backblock 1560 720 40 0 0 0
wall 1560 760 40 0 0 0
0
0
0
0
0
thorn 1560 1000 40 0 0 0
wall 1560 1040 40 0 0 0
wall 1600 0 40 0 0 0
wall 1600 40 40 0 0 0
wall 1600 80 40 0 0 0
wall 1600 120 40 0 0 0
0
0
0
0
wall 1600 320 40 0 0 0
wall 1600 360 40 0 0 0
0
0
0
0
0
0
0
0
backblock 1600 720 40 0 0 0
wall 1600 760 40 0 0 0
0
0
0
0
0
thorn 1600 1000 40 0 0 0
wall 1600 1040 40 0 0 0
wall 1640 0 40 0 0 0
wall 1640 40 40 0 0 0
icicle 1640 80 40 0 0 0
0
0
0
0
0
thorn 1640 320 40 0 0 0
wall 1640 360 40 0 0 0
wall 1640 400 40 0 0 0
wall 1640 440 40 0 0 0
wall 1640 480 40 0 0 0
wall 1640 520 40 0 0 0
wall 1640 560 40 0 0 0
0
0
wall 1640 680 40 0 0 0
wall 1640 720 40 0 0 0
wall 1640 760 40 0 0 0
0
0
0
0
blinkblock 1640 960 40 0 0 0
thorn 1640 1000 40 0 0 0
wall 1640 1040 40 0 0 0
wall 1680 0 40 0 0 0
wall 1680 40 40 0 0 0
wall 1680 80 40 0 0 0
icicle 1680 120 40 0 0 0
0
0
0
0
thorn 1680 320 40 0 0 0
wall 1680 360 40 0 0 0
wall 1680 400 40 0 0 0
wall 1680 440 40 0 0 0
wall 1680 480 40 0 0 0
wall 1680 520 40 0 0 0
wall 1680 560 40 0 0 0
0
0
0
wall 1680 720 40 0 0 0
wall 1680 760 40 0 0 0
0
0
0
0
0
thorn 1680 1000 40 0 0 0
wall 1680 1040 40 0 0 0
wall 1720 0 40 0 0 0
wall 1720 40 40 0 0 0
icicle 1720 80 40 0 0 0
0
0
0
0
0
thorn 1720 320 40 0 0 0
wall 1720 360 40 0 0 0
wall 1720 400 40 0 0 0
wall 1720 440 40 0 0 0
wall 1720 480 40 0 0 0
wall 1720 520 40 0 0 0
wall 1720 560 40 0 0 0
0
0
0
0
wall 1720 760 40 0 0 0
0
0
0
0
0
thorn 1720 1000 40 0 0 0
wall 1720 1040 40 0 0 0
wall 1760 0 40 0 0 0
wall 1760 40 40 0 0 0
wall 1760 80 40 0 0 0
icicle 1760 120 40 0 0 0
0
0
0
0
wall 1760 320 40 0 0 0
wall 1760 360 40 0 0 0
wall 1760 400 40 0 0 0
wall 1760 440 40 0 0 0
wall 1760 480 40 0 0 0
wall 1760 520 40 0 0 0
wall 1760 560 40 0 0 0
0
0
0
0
wall 1760 760 40 0 0 0
0
0
0
0
0
thorn 1760 1000 40 0 0 0
wall 1760 1040 40 0 0 0
wall 1800 0 40 0 0 0
wall 1800 40 40 0 0 0
wall 1800 80 40 0 0 0
wall 1800 120 40 0 0 0
0
0
0
0
0
0
0
0
0
fakewal 1800 520 40 0 0 0
blckhole 1800 560 40 0 0 0
0
0
0
0
wall 1800 760 40 0 0 0
0
0
0
0
wall 1800 960 40 0 0 0
wall 1800 1000 40 0 0 0
wall 1800 1040 40 0 0 0
wall 1840 0 40 0 0 0
wall 1840 40 40 0 0 0
wall 1840 80 40 0 0 0
wall 1840 120 40 0 0 0
0
0
0
0
0
0
fakewal 1840 400 40 0 0 0
blckhole 1840 440 40 0 0 0
0
0
0
0
fakewal 1840 640 40 0 0 0
blckhole 1840 680 40 0 0 0
wall 1840 720 40 0 0 0
wall 1840 760 40 0 0 0
0
0
star 1840 880 40 0 0 0
0
wall 1840 960 40 0 0 0
wall 1840 1000 40 0 0 0
wall 1840 1040 40 0 0 0
wall 1880 0 40 0 0 0
wall 1880 40 40 0 0 0
wall 1880 80 40 0 0 0
wall 1880 120 40 0 0 0
wall 1880 160 40 0 0 0
wall 1880 200 40 0 0 0
wall 1880 240 40 0 0 0
wall 1880 280 40 0 0 0
wall 1880 320 40 0 0 0
wall 1880 360 40 0 0 0
wall 1880 400 40 0 0 0
wall 1880 440 40 0 0 0
wall 1880 480 40 0 0 0
wall 1880 520 40 0 0 0
wall 1880 560 40 0 0 0
wall 1880 600 40 0 0 0
wall 1880 640 40 0 0 0
wall 1880 680 40 0 0 0
wall 1880 720 40 0 0 0
wall 1880 760 40 0 0 0
0
0
0
0
wall 1880 960 40 0 0 0
wall 1880 1000 40 0 0 0
wall 1880 1040 40 0 0 0
