1920 1080 40
하연 백지 바탕.PNG
wall 0 0 40 0 0 0
wall 0 40 40 0 0 0
wall 0 80 40 0 0 0
wall 0 120 40 0 0 0
wall 0 160 40 0 0 0
wall 0 200 40 0 0 0
wall 0 240 40 0 0 0
wall 0 280 40 0 0 0
wall 0 320 40 0 0 0
wall 0 360 40 0 0 0
wall 0 400 40 0 0 0
wall 0 440 40 0 0 0
wall 0 480 40 0 0 0
wall 0 520 40 0 0 0
wall 0 560 40 0 0 0
wall 0 600 40 0 0 0
wall 0 640 40 0 0 0
wall 0 680 40 0 0 0
wall 0 720 40 0 0 0
wall 0 760 40 0 0 0
wall 0 800 40 0 0 0
wall 0 840 40 0 0 0
wall 0 880 40 0 0 0
wall 0 920 40 0 0 0
wall 0 960 40 0 0 0
wall 0 1000 40 0 0 0
wall 0 1040 40 0 0 0
wall 40 0 40 0 0 0
wall 40 40 40 0 0 0
wall 40 80 40 0 0 0
wall 40 120 40 0 0 0
0
0
0
wall 40 280 40 0 0 0
wall 40 320 40 0 0 0
wall 40 360 40 0 0 0
wall 40 400 40 0 0 0
wall 40 440 40 0 0 0
wall 40 480 40 0 0 0
wall 40 520 40 0 0 0
wall 40 560 40 0 0 0
wall 40 600 40 0 0 0
wall 40 640 40 0 0 0
wall 40 680 40 0 0 0
0
0
0
ball 40 840 40 0 0 0
0
0
wall 40 960 40 0 0 0
wall 40 1000 40 0 0 0
wall 40 1040 40 0 0 0
wall 80 0 40 0 0 0
0
0
0
0
0
0
0
0
0
0
0
0
0
0
backblock 80 600 40 0 0 0
wall 80 640 40 0 0 0
wall 80 680 40 0 0 0
0
0
0
0
0
0
wall 80 960 40 0 0 0
wall 80 1000 40 0 0 0
wall 80 1040 40 0 0 0
wall 120 0 40 0 0 0
0
0
0
0
0
0
0
0
0
0
0
0
0
0
backblock 120 600 40 0 0 0
wall 120 640 40 0 0 0
wall 120 680 40 0 0 0
0
0
0
0
0
0
0
thorn 120 1000 40 0 0 0
wall 120 1040 40 0 0 0
wall 160 0 40 0 0 0
wall 160 40 40 0 0 0
0
0
0
0
wall 160 240 40 0 0 0
wall 160 280 40 0 0 0
wall 160 320 40 0 0 0
wall 160 360 40 0 0 0
wall 160 400 40 0 0 0
wall 160 440 40 0 0 0
0
0
wall 160 560 40 0 0 0
wall 160 600 40 0 0 0
wall 160 640 40 0 0 0
wall 160 680 40 0 0 0
wall 160 720 40 0 0 0
wall 160 760 40 0 0 0
wall 160 800 40 0 0 0
wall 160 840 40 0 0 0
0
0
0
thorn 160 1000 40 0 0 0
wall 160 1040 40 0 0 0
wall 200 0 40 0 0 0
icicle 200 40 40 0 0 0
0
0
0
0
thorn 200 240 40 0 0 0
wall 200 280 40 0 0 0
wall 200 320 40 0 0 0
wall 200 360 40 0 0 0
wall 200 400 40 0 0 0
wall 200 440 40 0 0 0
0
0
0
0
0
0
0
0
thorn 200 800 40 0 0 0
wall 200 840 40 0 0 0
0
0
0
thorn 200 1000 40 0 0 0
wall 200 1040 40 0 0 0
wall 240 0 40 0 0 0
wall 240 40 40 0 0 0
icicle 240 80 40 0 0 0
0
0
0
thorn 240 240 40 0 0 0
wall 240 280 40 0 0 0
wall 240 320 40 0 0 0
wall 240 360 40 0 0 0
wall 240 400 40 0 0 0
wall 240 440 40 0 0 0
0
0
0
0
0
0
0
0
thorn 240 800 40 0 0 0
wall 240 840 40 0 0 0
0
0
0
thorn 240 1000 40 0 0 0
wall 240 1040 40 0 0 0
wall 280 0 40 0 0 0
icicle 280 40 40 0 0 0
0
0
0
0
thorn 280 240 40 0 0 0
wall 280 280 40 0 0 0
wall 280 320 40 0 0 0
wall 280 360 40 0 0 0
wall 280 400 40 0 0 0
wall 280 440 40 0 0 0
wall 280 480 40 0 0 0
wall 280 520 40 0 0 0
wall 280 560 40 0 0 0
wall 280 600 40 0 0 0
wall 280 640 40 0 0 0
0
0
wall 280 760 40 0 0 0
wall 280 800 40 0 0 0
wall 280 840 40 0 0 0
0
0
wall 280 960 40 0 0 0
wall 280 1000 40 0 0 0
wall 280 1040 40 0 0 0
wall 320 0 40 0 0 0
wall 320 40 40 0 0 0
0
0
0
0
wall 320 240 40 0 0 0
wall 320 280 40 0 0 0
0
subpotal 320 360 40 0 520 400
0
0
wall 320 480 40 0 0 0
wall 320 520 40 0 0 0
wall 320 560 40 0 0 0
wall 320 600 40 0 0 0
0
0
0
0
0
0
0
0
0
thorn 320 1000 40 0 0 0
wall 320 1040 40 0 0 0
wall 360 0 40 0 0 0
icicle 360 40 40 0 0 0
0
0
0
0
thorn 360 240 40 0 0 0
wall 360 280 40 0 0 0
0
0
0
lever 360 440 40 0 1680 520
wall 360 480 40 0 0 0
wall 360 520 40 0 0 0
wall 360 560 40 0 0 0
wall 360 600 40 0 0 0
0
0
0
0
0
0
0
0
0
thorn 360 1000 40 0 0 0
wall 360 1040 40 0 0 0
wall 400 0 40 0 0 0
wall 400 40 40 0 0 0
icicle 400 80 40 0 0 0
0
0
0
thorn 400 240 40 0 0 0
wall 400 280 40 0 0 0
0
0
0
0
wall 400 480 40 0 0 0
wall 400 520 40 0 0 0
wall 400 560 40 0 0 0
wall 400 600 40 0 0 0
0
0
0
wall 400 760 40 0 0 0
wall 400 800 40 0 0 0
wall 400 840 40 0 0 0
wall 400 880 40 0 0 0
wall 400 920 40 0 0 0
wall 400 960 40 0 0 0
wall 400 1000 40 0 0 0
wall 400 1040 40 0 0 0
wall 440 0 40 0 0 0
icicle 440 40 40 0 0 0
0
0
0
0
thorn 440 240 40 0 0 0
wall 440 280 40 0 0 0
0
0
0
0
0
fakewal 440 520 40 0 0 0
0
0
0
0
0
wall 440 760 40 0 0 0
wall 440 800 40 0 0 0
wall 440 840 40 0 0 0
wall 440 880 40 0 0 0
wall 440 920 40 0 0 0
wall 440 960 40 0 0 0
wall 440 1000 40 0 0 0
wall 440 1040 40 0 0 0
wall 480 0 40 0 0 0
wall 480 40 40 0 0 0
0
0
0
0
wall 480 240 40 0 0 0
wall 480 280 40 0 0 0
wall 480 320 40 0 0 0
wall 480 360 40 0 0 0
wall 480 400 40 0 0 0
wall 480 440 40 0 0 0
wall 480 480 40 0 0 0
wall 480 520 40 0 0 0
wall 480 560 40 0 0 0
wall 480 600 40 0 0 0
wall 480 640 40 0 0 0
wall 480 680 40 0 0 0
wall 480 720 40 0 0 0
wall 480 760 40 0 0 0
wall 480 800 40 0 0 0
wall 480 840 40 0 0 0
wall 480 880 40 0 0 0
wall 480 920 40 0 0 0
wall 480 960 40 0 0 0
wall 480 1000 40 0 0 0
wall 480 1040 40 0 0 0
wall 520 0 40 0 0 0
icicle 520 40 40 0 0 0
0
0
0
0
thorn 520 240 40 0 0 0
wall 520 280 40 0 0 0
0
0
portal 520 400 40 0 320 360
wall 520 440 40 0 0 0
cannon 520 480 40 1 0 0
wall 520 520 40 0 0 0
wall 520 560 40 0 0 0
wall 520 600 40 0 0 0
wall 520 640 40 0 0 0
wall 520 680 40 0 0 0
cannon 520 720 40 1 0 0
wall 520 760 40 0 0 0
wall 520 800 40 0 0 0
wall 520 840 40 0 0 0
wall 520 880 40 0 0 0
wall 520 920 40 0 0 0
wall 520 960 40 0 0 0
0
0
wall 560 0 40 0 0 0
wall 560 40 40 0 0 0
icicle 560 80 40 0 0 0
0
0
0
thorn 560 240 40 0 0 0
wall 560 280 40 0 0 0
0
0
0
wall 560 440 40 0 0 0
0
0
0
0
0
0
0
0
0
0
0
thorn 560 920 40 0 0 0
wall 560 960 40 0 0 0
0
0
wall 600 0 40 0 0 0
icicle 600 40 40 0 0 0
0
0
0
0
thorn 600 240 40 0 0 0
wall 600 280 40 0 0 0
0
0
0
0
0
0
0
0
0
0
0
0
0
0
0
thorn 600 920 40 0 0 0
wall 600 960 40 0 0 0
0
0
wall 640 0 40 0 0 0
wall 640 40 40 0 0 0
0
0
0
0
wall 640 240 40 0 0 0
wall 640 280 40 0 0 0
0
0
0
0
0
0
0
spring 640 600 40 0 0 0
0
0
0
0
0
spring 640 840 40 0 0 0
wall 640 880 40 0 0 0
wall 640 920 40 0 0 0
wall 640 960 40 0 0 0
0
0
wall 680 0 40 0 0 0
icicle 680 40 40 0 0 0
0
0
0
0
thorn 680 240 40 0 0 0
wall 680 280 40 0 0 0
0
0
0
0
0
0
0
wall 680 600 40 0 0 0
0
0
0
0
0
wall 680 840 40 0 0 0
wall 680 880 40 0 0 0
wall 680 920 40 0 0 0
wall 680 960 40 0 0 0
0
0
wall 720 0 40 0 0 0
wall 720 40 40 0 0 0
icicle 720 80 40 0 0 0
0
0
0
thorn 720 240 40 0 0 0
wall 720 280 40 0 0 0
0
0
0
0
wall 720 480 40 0 0 0
0
0
0
0
0
0
0
0
0
0
0
wall 720 960 40 0 0 0
0
0
wall 760 0 40 0 0 0
icicle 760 40 40 0 0 0
0
0
0
0
thorn 760 240 40 0 0 0
wall 760 280 40 0 0 0
0
0
0
0
0
0
0
0
0
0
spring 760 720 40 0 0 0
0
0
0
0
0
spring 760 960 40 0 0 0
0
0
wall 800 0 40 0 0 0
wall 800 40 40 0 0 0
0
0
0
0
wall 800 240 40 0 0 0
wall 800 280 40 0 0 0
wall 800 320 40 0 0 0
wall 800 360 40 0 0 0
wall 800 400 40 0 0 0
wall 800 440 40 0 0 0
wall 800 480 40 0 0 0
wall 800 520 40 0 0 0
wall 800 560 40 0 0 0
wall 800 600 40 0 0 0
wall 800 640 40 0 0 0
wall 800 680 40 0 0 0
wall 800 720 40 0 0 0
wall 800 760 40 0 0 0
wall 800 800 40 0 0 0
0
0
0
wall 800 960 40 0 0 0
wall 800 1000 40 0 0 0
wall 800 1040 40 0 0 0
wall 840 0 40 0 0 0
0
0
0
0
0
wall 840 240 40 0 0 0
blckhole 840 280 40 0 0 0
blckhole 840 320 40 0 0 0
blckhole 840 360 40 0 0 0
blckhole 840 400 40 0 0 0
blckhole 840 440 40 0 0 0
blckhole 840 480 40 0 0 0
blckhole 840 520 40 0 0 0
blckhole 840 560 40 0 0 0
blckhole 840 600 40 0 0 0
blckhole 840 640 40 0 0 0
blckhole 840 680 40 0 0 0
blckhole 840 720 40 0 0 0
blckhole 840 760 40 0 0 0
wall 840 800 40 0 0 0
0
0
0
wall 840 960 40 0 0 0
0
0
wall 880 0 40 0 0 0
0
0
0
0
0
0
0
0
fakewal 880 360 40 0 0 0
blckhole 880 400 40 0 0 0
0
0
0
0
fakewal 880 600 40 0 0 0
blckhole 880 640 40 0 0 0
0
0
0
0
0
0
0
wall 880 960 40 0 0 0
0
0
wall 920 0 40 0 0 0
0
0
0
0
0
0
0
0
0
0
0
fakewal 920 480 40 0 0 0
blckhole 920 520 40 0 0 0
0
0
0
0
fakewal 920 720 40 0 0 0
blckhole 920 760 40 0 0 0
wall 920 800 40 0 0 0
0
0
0
wall 920 960 40 0 0 0
0
0
wall 960 0 40 0 0 0
0
0
0
0
blckhole 960 200 40 0 0 0
blckhole 960 240 40 0 0 0
blckhole 960 280 40 0 0 0
blckhole 960 320 40 0 0 0
blckhole 960 360 40 0 0 0
blckhole 960 400 40 0 0 0
blckhole 960 440 40 0 0 0
blckhole 960 480 40 0 0 0
blckhole 960 520 40 0 0 0
blckhole 960 560 40 0 0 0
blckhole 960 600 40 0 0 0
blckhole 960 640 40 0 0 0
blckhole 960 680 40 0 0 0
blckhole 960 720 40 0 0 0
blckhole 960 760 40 0 0 0
wall 960 800 40 0 0 0
0
0
0
wall 960 960 40 0 0 0
0
0
wall 1000 0 40 0 0 0
wall 1000 40 40 0 0 0
wall 1000 80 40 0 0 0
wall 1000 120 40 0 0 0
wall 1000 160 40 0 0 0
wall 1000 200 40 0 0 0
wall 1000 240 40 0 0 0
wall 1000 280 40 0 0 0
wall 1000 320 40 0 0 0
wall 1000 360 40 0 0 0
wall 1000 400 40 0 0 0
wall 1000 440 40 0 0 0
wall 1000 480 40 0 0 0
wall 1000 520 40 0 0 0
wall 1000 560 40 0 0 0
wall 1000 600 40 0 0 0
wall 1000 640 40 0 0 0
wall 1000 680 40 0 0 0
wall 1000 720 40 0 0 0
wall 1000 760 40 0 0 0
wall 1000 800 40 0 0 0
wall 1000 840 40 0 0 0
0
0
wall 1000 960 40 0 0 0
wall 1000 1000 40 0 0 0
wall 1000 1040 40 0 0 0
0
0
0
0
0
0
wall 1040 240 40 0 0 0
wall 1040 280 40 0 0 0
0
0
0
0
0
0
0
0
0
0
0
0
0
0
0
0
0
thorn 1040 1000 40 0 0 0
wall 1040 1040 40 0 0 0
0
0
0
0
0
0
wall 1080 240 40 0 0 0
wall 1080 280 40 0 0 0
0
0
0
0
0
0
0
0
0
0
0
0
0
0
0
0
0
thorn 1080 1000 40 0 0 0
wall 1080 1040 40 0 0 0
0
0
0
0
0
0
wall 1120 240 40 0 0 0
wall 1120 280 40 0 0 0
0
0
0
0
0
0
0
0
wall 1120 640 40 0 0 0
wall 1120 680 40 0 0 0
wall 1120 720 40 0 0 0
wall 1120 760 40 0 0 0
wall 1120 800 40 0 0 0
wall 1120 840 40 0 0 0
wall 1120 880 40 0 0 0
wall 1120 920 40 0 0 0
wall 1120 960 40 0 0 0
wall 1120 1000 40 0 0 0
wall 1120 1040 40 0 0 0
0
0
0
0
0
0
wall 1160 240 40 0 0 0
wall 1160 280 40 0 0 0
0
0
0
0
0
0
0
0
thorn 1160 640 40 0 0 0
wall 1160 680 40 0 0 0
0
0
0
0
0
0
0
0
0
0
0
0
0
0
0
wall 1200 240 40 0 0 0
wall 1200 280 40 0 0 0
icicle 1200 320 40 0 0 0
0
0
0
0
0
0
blinkblock 1200 600 40 0 0 0
thorn 1200 640 40 0 0 0
wall 1200 680 40 0 0 0
0
0
0
0
0
0
0
0
0
0
0
0
0
0
0
wall 1240 240 40 0 0 0
0
0
0
0
0
0
0
0
0
thorn 1240 640 40 0 0 0
wall 1240 680 40 0 0 0
0
0
0
0
0
0
0
0
0
0
0
0
0
0
0
wall 1280 240 40 0 0 0
0
0
0
0
0
0
0
wall 1280 560 40 0 0 0
0
thorn 1280 640 40 0 0 0
wall 1280 680 40 0 0 0
0
0
0
0
0
0
0
0
0
0
0
0
0
0
0
wall 1320 240 40 0 0 0
0
0
0
0
0
0
0
0
0
thorn 1320 640 40 0 0 0
wall 1320 680 40 0 0 0
0
0
0
0
0
0
0
0
0
0
0
0
0
0
0
wall 1360 240 40 0 0 0
icicle 1360 280 40 0 0 0
0
0
0
0
0
blinkblock 1360 520 40 0 0 0
0
0
thorn 1360 640 40 0 0 0
wall 1360 680 40 0 0 0
0
0
0
0
0
0
0
0
0
0
0
0
0
0
0
wall 1400 240 40 0 0 0
0
0
0
0
0
0
0
0
0
thorn 1400 640 40 0 0 0
wall 1400 680 40 0 0 0
0
0
0
0
0
0
0
0
0
wall 1440 0 40 0 0 0
wall 1440 40 40 0 0 0
wall 1440 80 40 0 0 0
wall 1440 120 40 0 0 0
wall 1440 160 40 0 0 0
wall 1440 200 40 0 0 0
wall 1440 240 40 0 0 0
wall 1440 280 40 0 0 0
wall 1440 320 40 0 0 0
wall 1440 360 40 0 0 0
0
0
wall 1440 480 40 0 0 0
wall 1440 520 40 0 0 0
wall 1440 560 40 0 0 0
wall 1440 600 40 0 0 0
wall 1440 640 40 0 0 0
wall 1440 680 40 0 0 0
wall 1440 720 40 0 0 0
wall 1440 760 40 0 0 0
wall 1440 800 40 0 0 0
wall 1440 840 40 0 0 0
wall 1440 880 40 0 0 0
wall 1440 920 40 0 0 0
wall 1440 960 40 0 0 0
wall 1440 1000 40 0 0 0
wall 1440 1040 40 0 0 0
wall 1480 0 40 0 0 0
0
0
0
0
0
0
0
0
0
0
0
0
backblock 1480 520 40 0 0 0
wall 1480 560 40 0 0 0
wall 1480 600 40 0 0 0
0
0
0
0
0
0
0
0
0
0
0
wall 1520 0 40 0 0 0
0
0
0
0
0
0
0
0
0
0
0
0
backblock 1520 520 40 0 0 0
wall 1520 560 40 0 0 0
wall 1520 600 40 0 0 0
0
0
0
0
0
0
0
0
0
0
0
wall 1560 0 40 0 0 0
0
0
0
wall 1560 160 40 0 0 0
wall 1560 200 40 0 0 0
wall 1560 240 40 0 0 0
wall 1560 280 40 0 0 0
wall 1560 320 40 0 0 0
wall 1560 360 40 0 0 0
wall 1560 400 40 0 0 0
wall 1560 440 40 0 0 0
wall 1560 480 40 0 0 0
wall 1560 520 40 0 0 0
wall 1560 560 40 0 0 0
wall 1560 600 40 0 0 0
0
0
0
0
0
0
0
0
0
0
0
wall 1600 0 40 0 0 0
0
0
thorn 1600 120 40 0 0 0
wall 1600 160 40 0 0 0
0
0
0
0
fakewal 1600 360 40 0 0 0
blckhole 1600 400 40 0 0 0
0
0
0
thorn 1600 560 40 0 0 0
wall 1600 600 40 0 0 0
0
0
0
0
0
0
0
0
0
0
0
wall 1640 0 40 0 0 0
0
0
0
0
0
0
0
0
0
0
0
0
0
thorn 1640 560 40 0 0 0
wall 1640 600 40 0 0 0
0
0
0
0
0
0
0
0
0
0
0
wall 1680 0 40 0 0 0
0
0
0
0
0
fakewal 1680 240 40 0 0 0
blckhole 1680 280 40 0 0 0
0
0
0
0
0
levon 1680 520 40 0 360 440
thorn 1680 560 40 0 0 0
wall 1680 600 40 0 0 0
0
0
0
0
0
0
0
0
0
0
0
wall 1720 0 40 0 0 0
wall 1720 40 40 0 0 0
wall 1720 80 40 0 0 0
wall 1720 120 40 0 0 0
wall 1720 160 40 0 0 0
wall 1720 200 40 0 0 0
wall 1720 240 40 0 0 0
wall 1720 280 40 0 0 0
wall 1720 320 40 0 0 0
wall 1720 360 40 0 0 0
wall 1720 400 40 0 0 0
0
0
0
thorn 1720 560 40 0 0 0
wall 1720 600 40 0 0 0
0
0
0
0
0
0
0
0
0
0
0
0
0
0
0
0
0
0
0
0
0
wall 1760 400 40 0 0 0
0
0
0
thorn 1760 560 40 0 0 0
wall 1760 600 40 0 0 0
0
0
0
0
0
0
0
0
0
0
0
0
0
0
0
0
0
0
0
0
0
wall 1800 400 40 0 0 0
0
0
0
wall 1800 560 40 0 0 0
wall 1800 600 40 0 0 0
0
0
0
0
0
0
0
0
0
0
0
0
0
0
0
0
0
0
0
0
0
wall 1840 400 40 0 0 0
0
star 1840 480 40 0 0 0
0
wall 1840 560 40 0 0 0
wall 1840 600 40 0 0 0
0
0
0
0
0
0
0
0
0
0
0
0
0
0
0
0
0
0
0
0
0
wall 1880 400 40 0 0 0
0
0
0
wall 1880 560 40 0 0 0
wall 1880 600 40 0 0 0
0
0
0
0
0
0
0
0
0
0
0
