1920 1080 40
하연 백지 바탕.PNG
0
0
0
0
0
0
0
0
0
wall 0 360 40 0 0 0
wall 0 400 40 0 0 0
wall 0 440 40 0 0 0
wall 0 480 40 0 0 0
wall 0 520 40 0 0 0
wall 0 560 40 0 0 0
wall 0 600 40 0 0 0
wall 0 640 40 0 0 0
wall 0 680 40 0 0 0
wall 0 720 40 0 0 0
wall 0 760 40 0 0 0
wall 0 800 40 0 0 0
wall 0 840 40 0 0 0
wall 0 880 40 0 0 0
wall 0 920 40 0 0 0
wall 0 960 40 0 0 0
wall 0 1000 40 0 0 0
wall 0 1040 40 0 0 0
0
0
0
0
0
0
0
0
0
0
0
0
0
0
0
0
0
0
0
0
0
0
0
0
0
0
wall 40 1040 40 0 0 0
0
0
0
0
0
0
0
0
spring 80 320 40 0 0 0
0
0
0
0
0
0
0
0
0
0
0
0
0
ball 80 880 40 0 0 0
0
0
0
wall 80 1040 40 0 0 0
0
0
0
0
0
0
0
0
0
wall 120 360 40 0 0 0
0
0
0
0
0
0
0
0
0
0
0
0
0
0
0
wall 120 1000 40 0 0 0
wall 120 1040 40 0 0 0
0
0
0
0
0
0
0
0
0
spring 160 360 40 0 0 0
0
0
0
0
0
0
0
0
0
0
0
0
0
0
wall 160 960 40 0 0 0
wall 160 1000 40 0 0 0
wall 160 1040 40 0 0 0
0
0
0
0
0
wall 200 200 40 0 0 0
blckhole 200 240 40 0 0 0
0
0
0
wall 200 400 40 0 0 0
0
0
0
0
0
0
0
0
0
0
0
0
0
movewal 200 960 40 0 440 960
thorn 200 1000 40 0 0 0
wall 200 1040 40 0 0 0
0
0
0
0
0
0
blckhole 240 240 40 0 0 0
0
0
0
spring 240 400 40 0 0 0
0
0
0
0
0
0
0
0
0
0
0
0
0
0
thorn 240 1000 40 0 0 0
wall 240 1040 40 0 0 0
0
0
0
0
0
0
blckhole 280 240 40 0 0 0
0
0
0
spring 280 400 40 0 0 0
0
0
0
0
0
0
0
0
0
0
0
0
0
0
thorn 280 1000 40 0 0 0
wall 280 1040 40 0 0 0
0
0
0
0
0
0
blckhole 320 240 40 0 0 0
0
0
0
wall 320 400 40 0 0 0
wall 320 440 40 0 0 0
wall 320 480 40 0 0 0
wall 320 520 40 0 0 0
0
0
0
0
0
0
0
0
0
0
0
thorn 320 1000 40 0 0 0
wall 320 1040 40 0 0 0
0
0
0
0
0
0
0
blckhole 360 280 40 0 0 0
0
0
0
0
spring 360 480 40 0 0 0
0
0
0
0
0
0
0
0
0
0
0
0
thorn 360 1000 40 0 0 0
wall 360 1040 40 0 0 0
0
0
0
0
0
fakewal 400 200 40 0 0 0
0
blckhole 400 280 40 0 0 0
0
0
0
0
0
0
0
0
0
0
0
0
0
0
0
0
0
thorn 400 1000 40 0 0 0
wall 400 1040 40 0 0 0
0
0
0
0
0
0
thorn 440 240 40 0 0 0
wall 440 280 40 0 0 0
wall 440 320 40 0 0 0
0
0
0
0
0
0
spring 440 600 40 0 0 0
wall 440 640 40 0 0 0
wall 440 680 40 0 0 0
wall 440 720 40 0 0 0
0
0
0
0
0
endpoint 440 960 40 0 200 960
thorn 440 1000 40 0 0 0
wall 440 1040 40 0 0 0
0
0
0
0
0
0
thorn 480 240 40 0 0 0
wall 480 280 40 0 0 0
wall 480 320 40 0 0 0
0
0
0
0
0
0
0
0
0
0
0
0
0
0
0
0
thorn 480 1000 40 0 0 0
wall 480 1040 40 0 0 0
0
0
0
0
0
0
thorn 520 240 40 0 0 0
wall 520 280 40 0 0 0
0
0
0
0
0
0
0
0
0
0
0
0
0
0
0
0
0
thorn 520 1000 40 0 0 0
wall 520 1040 40 0 0 0
0
0
0
0
0
fakewal 560 200 40 0 0 0
thorn 560 240 40 0 0 0
wall 560 280 40 0 0 0
wall 560 320 40 0 0 0
wall 560 360 40 0 0 0
wall 560 400 40 0 0 0
wall 560 440 40 0 0 0
wall 560 480 40 0 0 0
wall 560 520 40 0 0 0
wall 560 560 40 0 0 0
wall 560 600 40 0 0 0
wall 560 640 40 0 0 0
0
0
0
spring 560 800 40 0 0 0
wall 560 840 40 0 0 0
0
0
wall 560 960 40 0 0 0
thorn 560 1000 40 0 0 0
wall 560 1040 40 0 0 0
0
0
0
0
0
0
thorn 600 240 40 0 0 0
wall 600 280 40 0 0 0
wall 600 320 40 0 0 0
wall 600 360 40 0 0 0
wall 600 400 40 0 0 0
wall 600 440 40 0 0 0
wall 600 480 40 0 0 0
wall 600 520 40 0 0 0
wall 600 560 40 0 0 0
wall 600 600 40 0 0 0
wall 600 640 40 0 0 0
0
0
0
0
0
0
0
wall 600 960 40 0 0 0
thorn 600 1000 40 0 0 0
wall 600 1040 40 0 0 0
0
0
0
0
0
0
thorn 640 240 40 0 0 0
wall 640 280 40 0 0 0
0
0
0
0
0
0
0
0
0
fakewal 640 680 40 0 0 0
0
0
0
0
0
0
spring 640 960 40 0 0 0
thorn 640 1000 40 0 0 0
wall 640 1040 40 0 0 0
0
0
0
0
0
wall 680 200 40 0 0 0
wall 680 240 40 0 0 0
wall 680 280 40 0 0 0
0
0
0
wall 680 440 40 0 0 0
wall 680 480 40 0 0 0
wall 680 520 40 0 0 0
wall 680 560 40 0 0 0
wall 680 600 40 0 0 0
wall 680 640 40 0 0 0
wall 680 680 40 0 0 0
wall 680 720 40 0 0 0
wall 680 760 40 0 0 0
wall 680 800 40 0 0 0
wall 680 840 40 0 0 0
wall 680 880 40 0 0 0
wall 680 920 40 0 0 0
wall 680 960 40 0 0 0
thorn 680 1000 40 0 0 0
wall 680 1040 40 0 0 0
0
0
0
0
0
movewal 720 200 40 0 880 200
thorn 720 240 40 0 0 0
wall 720 280 40 0 0 0
0
0
0
wall 720 440 40 0 0 0
wall 720 480 40 0 0 0
0
0
0
0
0
0
0
0
0
0
wall 720 920 40 0 0 0
wall 720 960 40 0 0 0
wall 720 1000 40 0 0 0
wall 720 1040 40 0 0 0
0
0
0
0
0
0
thorn 760 240 40 0 0 0
wall 760 280 40 0 0 0
icicle 760 320 40 0 0 0
0
0
wall 760 440 40 0 0 0
wall 760 480 40 0 0 0
0
0
0
0
0
wall 760 720 40 0 0 0
0
0
0
0
wall 760 920 40 0 0 0
wall 760 960 40 0 0 0
wall 760 1000 40 0 0 0
wall 760 1040 40 0 0 0
0
0
0
0
0
0
thorn 800 240 40 0 0 0
wall 800 280 40 0 0 0
icicle 800 320 40 0 0 0
0
0
wall 800 440 40 0 0 0
wall 800 480 40 0 0 0
blckhole 800 520 40 0 0 0
0
0
0
spring 800 680 40 0 0 0
0
0
0
0
0
0
0
0
wall 800 1040 40 0 0 0
0
0
0
0
0
0
thorn 840 240 40 0 0 0
wall 840 280 40 0 0 0
0
0
0
wall 840 440 40 0 0 0
blckhole 840 480 40 0 0 0
0
0
0
spring 840 640 40 0 0 0
wall 840 680 40 0 0 0
0
0
0
0
0
0
0
portal 840 1000 40 0 1080 400
wall 840 1040 40 0 0 0
0
0
0
0
0
endpoint 880 200 40 0 720 200
thorn 880 240 40 0 0 0
wall 880 280 40 0 0 0
icicle 880 320 40 0 0 0
0
0
wall 880 440 40 0 0 0
blckhole 880 480 40 0 0 0
0
0
magnetic 880 600 40 0 0 0
wall 880 640 40 0 0 0
wall 880 680 40 0 0 0
0
0
0
0
0
wall 880 920 40 0 0 0
wall 880 960 40 0 0 0
wall 880 1000 40 0 0 0
wall 880 1040 40 0 0 0
0
0
0
0
0
0
thorn 920 240 40 0 0 0
wall 920 280 40 0 0 0
icicle 920 320 40 0 0 0
0
0
wall 920 440 40 0 0 0
blckhole 920 480 40 0 0 0
0
0
spring 920 600 40 0 0 0
wall 920 640 40 0 0 0
wall 920 680 40 0 0 0
0
0
0
0
0
wall 920 920 40 0 0 0
wall 920 960 40 0 0 0
wall 920 1000 40 0 0 0
wall 920 1040 40 0 0 0
0
0
0
0
0
0
thorn 960 240 40 0 0 0
wall 960 280 40 0 0 0
0
0
0
wall 960 440 40 0 0 0
blckhole 960 480 40 0 0 0
0
0
spring 960 600 40 0 0 0
wall 960 640 40 0 0 0
wall 960 680 40 0 0 0
0
0
0
0
0
0
thorn 960 960 40 0 0 0
wall 960 1000 40 0 0 0
wall 960 1040 40 0 0 0
0
0
0
0
0
0
thorn 1000 240 40 0 0 0
wall 1000 280 40 0 0 0
0
0
lever 1000 400 40 0 1120 920
wall 1000 440 40 0 0 0
blckhole 1000 480 40 0 0 0
0
0
0
wall 1000 640 40 0 0 0
wall 1000 680 40 0 0 0
0
0
0
0
0
0
thorn 1000 960 40 0 0 0
wall 1000 1000 40 0 0 0
wall 1000 1040 40 0 0 0
0
0
0
0
0
0
thorn 1040 240 40 0 0 0
wall 1040 280 40 0 0 0
0
0
0
wall 1040 440 40 0 0 0
wall 1040 480 40 0 0 0
blckhole 1040 520 40 0 0 0
0
0
spring 1040 640 40 0 0 0
wall 1040 680 40 0 0 0
0
0
0
0
0
0
thorn 1040 960 40 0 0 0
wall 1040 1000 40 0 0 0
wall 1040 1040 40 0 0 0
0
0
0
0
0
wall 1080 200 40 0 0 0
wall 1080 240 40 0 0 0
wall 1080 280 40 0 0 0
0
0
subpotal 1080 400 40 0 840 1000
wall 1080 440 40 0 0 0
wall 1080 480 40 0 0 0
blckhole 1080 520 40 0 0 0
0
0
spring 1080 640 40 0 0 0
wall 1080 680 40 0 0 0
0
0
0
0
0
0
thorn 1080 960 40 0 0 0
wall 1080 1000 40 0 0 0
wall 1080 1040 40 0 0 0
0
0
0
0
0
wall 1120 200 40 0 0 0
wall 1120 240 40 0 0 0
wall 1120 280 40 0 0 0
wall 1120 320 40 0 0 0
wall 1120 360 40 0 0 0
wall 1120 400 40 0 0 0
wall 1120 440 40 0 0 0
wall 1120 480 40 0 0 0
blckhole 1120 520 40 0 0 0
0
0
spring 1120 640 40 0 0 0
wall 1120 680 40 0 0 0
0
0
0
0
0
levon 1120 920 40 0 1000 400
thorn 1120 960 40 0 0 0
wall 1120 1000 40 0 0 0
wall 1120 1040 40 0 0 0
0
0
0
0
0
blckhole 1160 200 40 0 0 0
blckhole 1160 240 40 0 0 0
blckhole 1160 280 40 0 0 0
blckhole 1160 320 40 0 0 0
blckhole 1160 360 40 0 0 0
blckhole 1160 400 40 0 0 0
blckhole 1160 440 40 0 0 0
blckhole 1160 480 40 0 0 0
blckhole 1160 520 40 0 0 0
0
0
magnetic 1160 640 40 0 0 0
wall 1160 680 40 0 0 0
0
0
0
0
0
0
thorn 1160 960 40 0 0 0
wall 1160 1000 40 0 0 0
wall 1160 1040 40 0 0 0
0
0
0
0
0
0
0
0
0
0
0
0
0
0
0
0
magnetic 1200 640 40 0 0 0
wall 1200 680 40 0 0 0
0
0
0
0
0
0
thorn 1200 960 40 0 0 0
wall 1200 1000 40 0 0 0
wall 1200 1040 40 0 0 0
0
0
0
0
0
0
0
0
fakewal 1240 320 40 0 0 0
thorn 1240 360 40 0 0 0
wall 1240 400 40 0 0 0
0
0
0
fakewal 1240 560 40 0 0 0
thorn 1240 600 40 0 0 0
wall 1240 640 40 0 0 0
wall 1240 680 40 0 0 0
0
0
0
0
0
0
thorn 1240 960 40 0 0 0
wall 1240 1000 40 0 0 0
wall 1240 1040 40 0 0 0
wall 1280 0 40 0 0 0
wall 1280 40 40 0 0 0
wall 1280 80 40 0 0 0
wall 1280 120 40 0 0 0
wall 1280 160 40 0 0 0
wall 1280 200 40 0 0 0
wall 1280 240 40 0 0 0
wall 1280 280 40 0 0 0
wall 1280 320 40 0 0 0
wall 1280 360 40 0 0 0
wall 1280 400 40 0 0 0
wall 1280 440 40 0 0 0
wall 1280 480 40 0 0 0
wall 1280 520 40 0 0 0
wall 1280 560 40 0 0 0
wall 1280 600 40 0 0 0
wall 1280 640 40 0 0 0
wall 1280 680 40 0 0 0
wall 1280 720 40 0 0 0
wall 1280 760 40 0 0 0
wall 1280 800 40 0 0 0
0
0
wall 1280 920 40 0 0 0
wall 1280 960 40 0 0 0
wall 1280 1000 40 0 0 0
wall 1280 1040 40 0 0 0
0
0
0
0
0
0
wall 1320 240 40 0 0 0
0
0
0
0
0
0
0
0
0
0
0
0
0
0
0
0
0
thorn 1320 960 40 0 0 0
wall 1320 1000 40 0 0 0
wall 1320 1040 40 0 0 0
0
0
0
0
0
0
wall 1360 240 40 0 0 0
0
0
0
0
0
0
0
0
0
0
0
0
0
0
wall 1360 840 40 0 0 0
wall 1360 880 40 0 0 0
wall 1360 920 40 0 0 0
thorn 1360 960 40 0 0 0
wall 1360 1000 40 0 0 0
wall 1360 1040 40 0 0 0
0
0
0
0
0
0
wall 1400 240 40 0 0 0
0
0
0
wall 1400 400 40 0 0 0
wall 1400 440 40 0 0 0
wall 1400 480 40 0 0 0
wall 1400 520 40 0 0 0
wall 1400 560 40 0 0 0
wall 1400 600 40 0 0 0
wall 1400 640 40 0 0 0
wall 1400 680 40 0 0 0
wall 1400 720 40 0 0 0
wall 1400 760 40 0 0 0
wall 1400 800 40 0 0 0
wall 1400 840 40 0 0 0
cannon 1400 880 40 1 0 0
wall 1400 920 40 0 0 0
wall 1400 960 40 0 0 0
wall 1400 1000 40 0 0 0
wall 1400 1040 40 0 0 0
0
0
0
0
0
0
wall 1440 240 40 0 0 0
0
0
0
wall 1440 400 40 0 0 0
wall 1440 440 40 0 0 0
wall 1440 480 40 0 0 0
wall 1440 520 40 0 0 0
cannon 1440 560 40 1 0 0
wall 1440 600 40 0 0 0
wall 1440 640 40 0 0 0
wall 1440 680 40 0 0 0
wall 1440 720 40 0 0 0
0
0
0
0
0
0
magnetic 1440 1000 40 0 0 0
wall 1440 1040 40 0 0 0
0
0
0
0
0
0
wall 1480 240 40 0 0 0
0
0
0
0
0
0
0
0
0
0
magnetic 1480 680 40 0 0 0
wall 1480 720 40 0 0 0
0
0
0
0
0
0
spring 1480 1000 40 0 0 0
wall 1480 1040 40 0 0 0
0
0
0
0
0
0
wall 1520 240 40 0 0 0
0
0
0
0
0
wall 1520 480 40 0 0 0
0
0
0
0
spring 1520 680 40 0 0 0
wall 1520 720 40 0 0 0
0
0
wall 1520 840 40 0 0 0
0
0
thorn 1520 960 40 0 0 0
wall 1520 1000 40 0 0 0
wall 1520 1040 40 0 0 0
0
0
0
0
0
0
wall 1560 240 40 0 0 0
wall 1560 280 40 0 0 0
wall 1560 320 40 0 0 0
wall 1560 360 40 0 0 0
wall 1560 400 40 0 0 0
wall 1560 440 40 0 0 0
wall 1560 480 40 0 0 0
0
0
0
thorn 1560 640 40 0 0 0
wall 1560 680 40 0 0 0
wall 1560 720 40 0 0 0
0
0
wall 1560 840 40 0 0 0
0
0
0
magnetic 1560 1000 40 0 0 0
wall 1560 1040 40 0 0 0
0
0
0
0
0
0
0
0
0
0
0
0
wall 1600 480 40 0 0 0
0
0
0
0
magnetic 1600 680 40 0 0 0
wall 1600 720 40 0 0 0
0
0
wall 1600 840 40 0 0 0
0
0
0
spring 1600 1000 40 0 0 0
wall 1600 1040 40 0 0 0
0
0
0
0
0
0
0
0
0
0
0
0
wall 1640 480 40 0 0 0
0
0
0
0
spring 1640 680 40 0 0 0
wall 1640 720 40 0 0 0
0
0
wall 1640 840 40 0 0 0
0
0
thorn 1640 960 40 0 0 0
wall 1640 1000 40 0 0 0
wall 1640 1040 40 0 0 0
0
0
0
0
0
0
0
0
0
0
0
0
wall 1680 480 40 0 0 0
0
0
0
thorn 1680 640 40 0 0 0
wall 1680 680 40 0 0 0
wall 1680 720 40 0 0 0
0
0
wall 1680 840 40 0 0 0
0
0
0
magnetic 1680 1000 40 0 0 0
wall 1680 1040 40 0 0 0
0
0
0
0
0
0
0
0
0
0
0
0
wall 1720 480 40 0 0 0
0
0
0
0
spring 1720 680 40 0 0 0
wall 1720 720 40 0 0 0
0
0
wall 1720 840 40 0 0 0
0
0
0
magnetic 1720 1000 40 0 0 0
wall 1720 1040 40 0 0 0
0
0
0
0
0
0
0
0
0
0
0
0
wall 1760 480 40 0 0 0
0
0
0
0
spring 1760 680 40 0 0 0
wall 1760 720 40 0 0 0
0
0
wall 1760 840 40 0 0 0
wall 1760 880 40 0 0 0
0
0
wall 1760 1000 40 0 0 0
wall 1760 1040 40 0 0 0
0
0
0
0
0
0
0
0
0
0
0
0
wall 1800 480 40 0 0 0
0
0
0
0
0
0
0
0
wall 1800 840 40 0 0 0
0
0
0
wall 1800 1000 40 0 0 0
wall 1800 1040 40 0 0 0
0
0
0
0
0
0
0
0
0
0
0
0
wall 1840 480 40 0 0 0
wall 1840 520 40 0 0 0
wall 1840 560 40 0 0 0
wall 1840 600 40 0 0 0
wall 1840 640 40 0 0 0
wall 1840 680 40 0 0 0
wall 1840 720 40 0 0 0
wall 1840 760 40 0 0 0
wall 1840 800 40 0 0 0
wall 1840 840 40 0 0 0
0
star 1840 920 40 0 0 0
0
wall 1840 1000 40 0 0 0
wall 1840 1040 40 0 0 0
0
0
0
0
0
0
0
0
0
0
0
0
wall 1880 480 40 0 0 0
wall 1880 520 40 0 0 0
wall 1880 560 40 0 0 0
wall 1880 600 40 0 0 0
wall 1880 640 40 0 0 0
wall 1880 680 40 0 0 0
wall 1880 720 40 0 0 0
wall 1880 760 40 0 0 0
wall 1880 800 40 0 0 0
wall 1880 840 40 0 0 0
0
0
0
wall 1880 1000 40 0 0 0
wall 1880 1040 40 0 0 0
