1920 1080 40
하연 백지 바탕.PNG
wall 0 0 40 0 0 0
wall 0 40 40 0 0 0
wall 0 80 40 0 0 0
wall 0 120 40 0 0 0
wall 0 160 40 0 0 0
wall 0 200 40 0 0 0
wall 0 240 40 0 0 0
wall 0 280 40 0 0 0
wall 0 320 40 0 0 0
wall 0 360 40 0 0 0
wall 0 400 40 0 0 0
wall 0 440 40 0 0 0
wall 0 480 40 0 0 0
wall 0 520 40 0 0 0
wall 0 560 40 0 0 0
wall 0 600 40 0 0 0
wall 0 640 40 0 0 0
wall 0 680 40 0 0 0
wall 0 720 40 0 0 0
wall 0 760 40 0 0 0
wall 0 800 40 0 0 0
wall 0 840 40 0 0 0
wall 0 880 40 0 0 0
wall 0 920 40 0 0 0
wall 0 960 40 0 0 0
wall 0 1000 40 0 0 0
wall 0 1040 40 0 0 0
wall 40 0 40 0 0 0
0
0
0
lever 40 160 40 0 680 400
wall 40 200 40 0 0 0
0
0
0
0
0
0
0
0
0
0
spring 40 640 40 0 0 0
0
thorn 40 720 40 0 0 0
wall 40 760 40 0 0 0
0
0
0
0
wall 40 960 40 0 0 0
thorn 40 1000 40 0 0 0
wall 40 1040 40 0 0 0
wall 80 0 40 0 0 0
0
0
0
0
wall 80 200 40 0 0 0
0
0
0
0
0
0
0
0
0
0
0
0
thorn 80 720 40 0 0 0
wall 80 760 40 0 0 0
0
0
ball 80 880 40 0 0 0
0
wall 80 960 40 0 0 0
thorn 80 1000 40 0 0 0
wall 80 1040 40 0 0 0
wall 120 0 40 0 0 0
0
0
0
0
wall 120 200 40 0 0 0
0
0
0
0
0
0
0
0
0
0
0
0
thorn 120 720 40 0 0 0
wall 120 760 40 0 0 0
0
0
0
0
wall 120 960 40 0 0 0
thorn 120 1000 40 0 0 0
wall 120 1040 40 0 0 0
wall 160 0 40 0 0 0
0
0
0
0
0
0
0
0
0
0
0
0
spring 160 520 40 0 0 0
0
0
0
fakewal 160 680 40 0 0 0
thorn 160 720 40 0 0 0
wall 160 760 40 0 0 0
0
0
0
0
movewal 160 960 40 0 360 960
thorn 160 1000 40 0 0 0
wall 160 1040 40 0 0 0
wall 200 0 40 0 0 0
0
0
0
0
0
0
0
0
0
0
0
0
0
0
0
0
0
thorn 200 720 40 0 0 0
wall 200 760 40 0 0 0
0
0
0
0
0
thorn 200 1000 40 0 0 0
wall 200 1040 40 0 0 0
wall 240 0 40 0 0 0
0
0
0
0
0
0
0
0
0
0
0
0
0
0
0
0
0
thorn 240 720 40 0 0 0
wall 240 760 40 0 0 0
0
0
0
0
0
thorn 240 1000 40 0 0 0
wall 240 1040 40 0 0 0
wall 280 0 40 0 0 0
0
0
0
0
wall 280 200 40 0 0 0
0
0
0
0
spring 280 400 40 0 0 0
0
0
0
0
0
0
fakewal 280 680 40 0 0 0
thorn 280 720 40 0 0 0
wall 280 760 40 0 0 0
0
0
0
0
0
thorn 280 1000 40 0 0 0
wall 280 1040 40 0 0 0
wall 320 0 40 0 0 0
0
0
0
0
0
0
0
0
0
0
0
0
0
0
0
0
0
thorn 320 720 40 0 0 0
wall 320 760 40 0 0 0
0
0
0
0
0
thorn 320 1000 40 0 0 0
wall 320 1040 40 0 0 0
wall 360 0 40 0 0 0
0
0
0
0
0
0
0
0
0
0
0
0
0
0
0
0
0
thorn 360 720 40 0 0 0
wall 360 760 40 0 0 0
0
0
0
0
endpoint 360 960 40 0 160 960
thorn 360 1000 40 0 0 0
wall 360 1040 40 0 0 0
wall 400 0 40 0 0 0
0
0
0
0
0
0
0
spring 400 320 40 0 0 0
0
0
0
0
0
0
0
0
0
thorn 400 720 40 0 0 0
wall 400 760 40 0 0 0
0
0
0
0
0
thorn 400 1000 40 0 0 0
wall 400 1040 40 0 0 0
wall 440 0 40 0 0 0
0
0
0
0
0
0
0
wall 440 320 40 0 0 0
0
0
thorn 440 440 40 0 0 0
wall 440 480 40 0 0 0
0
0
0
0
0
wall 440 720 40 0 0 0
wall 440 760 40 0 0 0
wall 440 800 40 0 0 0
wall 440 840 40 0 0 0
0
0
wall 440 960 40 0 0 0
wall 440 1000 40 0 0 0
wall 440 1040 40 0 0 0
wall 480 0 40 0 0 0
0
0
0
0
0
0
0
0
0
0
thorn 480 440 40 0 0 0
wall 480 480 40 0 0 0
0
0
0
0
0
0
0
0
0
0
0
0
thorn 480 1000 40 0 0 0
wall 480 1040 40 0 0 0
wall 520 0 40 0 0 0
0
0
0
0
0
0
0
0
0
0
thorn 520 440 40 0 0 0
wall 520 480 40 0 0 0
0
0
0
0
0
0
0
0
0
0
0
0
thorn 520 1000 40 0 0 0
wall 520 1040 40 0 0 0
wall 560 0 40 0 0 0
0
0
0
0
0
0
0
0
0
0
thorn 560 440 40 0 0 0
wall 560 480 40 0 0 0
wall 560 520 40 0 0 0
wall 560 560 40 0 0 0
wall 560 600 40 0 0 0
wall 560 640 40 0 0 0
wall 560 680 40 0 0 0
wall 560 720 40 0 0 0
wall 560 760 40 0 0 0
wall 560 800 40 0 0 0
wall 560 840 40 0 0 0
wall 560 880 40 0 0 0
wall 560 920 40 0 0 0
wall 560 960 40 0 0 0
wall 560 1000 40 0 0 0
wall 560 1040 40 0 0 0
wall 600 0 40 0 0 0
0
0
0
0
0
0
0
0
0
0
thorn 600 440 40 0 0 0
wall 600 480 40 0 0 0
0
0
0
0
0
0
0
0
0
0
0
0
0
0
wall 640 0 40 0 0 0
0
0
0
0
0
0
0
0
0
0
thorn 640 440 40 0 0 0
wall 640 480 40 0 0 0
0
0
0
0
0
0
0
0
0
0
0
0
0
0
wall 680 0 40 0 0 0
0
0
0
0
0
0
0
0
0
levon 680 400 40 0 40 160
thorn 680 440 40 0 0 0
wall 680 480 40 0 0 0
0
0
0
0
0
0
0
0
0
0
0
0
0
0
wall 720 0 40 0 0 0
0
0
0
0
0
0
0
0
0
0
thorn 720 440 40 0 0 0
wall 720 480 40 0 0 0
0
0
0
0
0
0
0
0
0
0
0
0
0
0
wall 760 0 40 0 0 0
0
0
0
0
0
0
0
0
0
0
thorn 760 440 40 0 0 0
wall 760 480 40 0 0 0
0
0
0
0
0
0
0
0
0
0
0
0
0
0
wall 800 0 40 0 0 0
0
0
0
0
0
0
0
0
0
0
thorn 800 440 40 0 0 0
wall 800 480 40 0 0 0
0
0
0
0
0
0
0
0
0
0
0
0
0
0
wall 840 0 40 0 0 0
wall 840 40 40 0 0 0
wall 840 80 40 0 0 0
wall 840 120 40 0 0 0
wall 840 160 40 0 0 0
wall 840 200 40 0 0 0
wall 840 240 40 0 0 0
wall 840 280 40 0 0 0
0
0
wall 840 400 40 0 0 0
wall 840 440 40 0 0 0
wall 840 480 40 0 0 0
0
0
0
0
0
0
0
0
0
0
0
0
0
0
wall 880 0 40 0 0 0
0
0
0
0
0
0
0
0
0
0
backblock 880 440 40 0 0 0
wall 880 480 40 0 0 0
0
0
0
0
0
0
0
0
0
0
0
0
0
0
wall 920 0 40 0 0 0
0
0
0
0
0
0
0
0
0
0
backblock 920 440 40 0 0 0
wall 920 480 40 0 0 0
0
0
0
0
0
0
0
0
0
0
0
0
0
0
wall 960 0 40 0 0 0
0
0
0
0
wall 960 200 40 0 0 0
wall 960 240 40 0 0 0
wall 960 280 40 0 0 0
wall 960 320 40 0 0 0
wall 960 360 40 0 0 0
wall 960 400 40 0 0 0
wall 960 440 40 0 0 0
wall 960 480 40 0 0 0
wall 960 520 40 0 0 0
wall 960 560 40 0 0 0
wall 960 600 40 0 0 0
wall 960 640 40 0 0 0
wall 960 680 40 0 0 0
wall 960 720 40 0 0 0
wall 960 760 40 0 0 0
wall 960 800 40 0 0 0
wall 960 840 40 0 0 0
wall 960 880 40 0 0 0
wall 960 920 40 0 0 0
wall 960 960 40 0 0 0
wall 960 1000 40 0 0 0
wall 960 1040 40 0 0 0
wall 1000 0 40 0 0 0
0
0
0
0
0
0
0
0
0
wall 1000 400 40 0 0 0
0
0
0
0
0
0
0
0
0
0
0
0
wall 1000 920 40 0 0 0
wall 1000 960 40 0 0 0
wall 1000 1000 40 0 0 0
wall 1000 1040 40 0 0 0
wall 1040 0 40 0 0 0
0
0
0
0
0
0
0
0
0
wall 1040 400 40 0 0 0
0
0
0
0
0
0
0
0
0
0
0
0
wall 1040 920 40 0 0 0
wall 1040 960 40 0 0 0
wall 1040 1000 40 0 0 0
wall 1040 1040 40 0 0 0
wall 1080 0 40 0 0 0
0
0
0
0
0
0
0
0
0
0
0
0
0
0
0
0
0
0
0
0
0
0
wall 1080 920 40 0 0 0
wall 1080 960 40 0 0 0
wall 1080 1000 40 0 0 0
wall 1080 1040 40 0 0 0
wall 1120 0 40 0 0 0
0
0
0
0
0
0
0
0
0
0
0
0
0
0
0
wall 1120 640 40 0 0 0
0
0
0
0
0
0
0
wall 1120 960 40 0 0 0
wall 1120 1000 40 0 0 0
wall 1120 1040 40 0 0 0
wall 1160 0 40 0 0 0
0
0
0
0
0
0
0
0
0
0
0
0
0
0
0
wall 1160 640 40 0 0 0
0
0
0
0
0
0
0
wall 1160 960 40 0 0 0
wall 1160 1000 40 0 0 0
wall 1160 1040 40 0 0 0
wall 1200 0 40 0 0 0
wall 1200 40 40 0 0 0
wall 1200 80 40 0 0 0
wall 1200 120 40 0 0 0
wall 1200 160 40 0 0 0
wall 1200 200 40 0 0 0
wall 1200 240 40 0 0 0
wall 1200 280 40 0 0 0
wall 1200 320 40 0 0 0
wall 1200 360 40 0 0 0
wall 1200 400 40 0 0 0
wall 1200 440 40 0 0 0
wall 1200 480 40 0 0 0
wall 1200 520 40 0 0 0
wall 1200 560 40 0 0 0
wall 1200 600 40 0 0 0
wall 1200 640 40 0 0 0
wall 1200 680 40 0 0 0
wall 1200 720 40 0 0 0
wall 1200 760 40 0 0 0
wall 1200 800 40 0 0 0
0
0
0
wall 1200 960 40 0 0 0
wall 1200 1000 40 0 0 0
wall 1200 1040 40 0 0 0
0
0
0
0
0
0
0
0
0
0
0
0
0
0
0
0
0
0
wall 1240 720 40 0 0 0
wall 1240 760 40 0 0 0
wall 1240 800 40 0 0 0
wall 1240 840 40 0 0 0
0
0
wall 1240 960 40 0 0 0
wall 1240 1000 40 0 0 0
wall 1240 1040 40 0 0 0
0
0
0
0
0
0
0
0
0
0
0
0
0
0
0
0
0
0
wall 1280 720 40 0 0 0
wall 1280 760 40 0 0 0
wall 1280 800 40 0 0 0
blckhole 1280 840 40 0 0 0
0
0
spring 1280 960 40 0 0 0
wall 1280 1000 40 0 0 0
wall 1280 1040 40 0 0 0
0
0
0
0
0
0
0
0
0
0
0
0
0
0
0
0
0
0
wall 1320 720 40 0 0 0
wall 1320 760 40 0 0 0
blckhole 1320 800 40 0 0 0
0
0
0
spring 1320 960 40 0 0 0
wall 1320 1000 40 0 0 0
wall 1320 1040 40 0 0 0
0
0
0
0
0
0
0
0
0
0
0
0
0
0
0
0
0
0
wall 1360 720 40 0 0 0
blckhole 1360 760 40 0 0 0
0
0
0
wall 1360 920 40 0 0 0
wall 1360 960 40 0 0 0
wall 1360 1000 40 0 0 0
wall 1360 1040 40 0 0 0
0
0
0
0
0
0
0
0
0
0
0
0
0
0
0
0
0
0
wall 1400 720 40 0 0 0
blckhole 1400 760 40 0 0 0
0
0
spring 1400 880 40 0 0 0
0
0
0
0
0
0
0
0
0
0
0
0
0
0
0
0
0
0
0
0
0
0
wall 1440 720 40 0 0 0
blckhole 1440 760 40 0 0 0
0
0
magnetic 1440 880 40 0 0 0
0
0
0
0
0
0
0
0
0
0
0
0
0
0
0
0
0
0
0
0
0
0
wall 1480 720 40 0 0 0
blckhole 1480 760 40 0 0 0
0
0
spring 1480 880 40 0 0 0
0
0
0
0
0
0
0
0
0
0
0
0
0
0
0
0
0
0
0
0
0
0
wall 1520 720 40 0 0 0
blckhole 1520 760 40 0 0 0
0
0
spring 1520 880 40 0 0 0
0
0
0
0
0
0
0
0
0
0
0
0
0
0
0
0
0
0
0
0
0
0
wall 1560 720 40 0 0 0
blckhole 1560 760 40 0 0 0
0
0
magnetic 1560 880 40 0 0 0
wall 1560 920 40 0 0 0
wall 1560 960 40 0 0 0
wall 1560 1000 40 0 0 0
wall 1560 1040 40 0 0 0
0
0
0
0
0
0
0
0
0
0
0
0
0
0
0
0
0
0
wall 1600 720 40 0 0 0
blckhole 1600 760 40 0 0 0
0
0
0
0
0
thorn 1600 1000 40 0 0 0
wall 1600 1040 40 0 0 0
0
0
0
0
0
0
0
0
0
0
0
0
0
0
0
0
0
0
wall 1640 720 40 0 0 0
wall 1640 760 40 0 0 0
blckhole 1640 800 40 0 0 0
0
0
0
0
thorn 1640 1000 40 0 0 0
wall 1640 1040 40 0 0 0
0
0
0
0
0
0
0
0
0
0
0
0
0
0
0
0
0
0
wall 1680 720 40 0 0 0
wall 1680 760 40 0 0 0
wall 1680 800 40 0 0 0
blckhole 1680 840 40 0 0 0
0
0
0
magnetic 1680 1000 40 0 0 0
wall 1680 1040 40 0 0 0
0
0
0
0
0
0
0
0
0
0
0
0
0
0
0
0
0
0
wall 1720 720 40 0 0 0
wall 1720 760 40 0 0 0
wall 1720 800 40 0 0 0
wall 1720 840 40 0 0 0
blckhole 1720 880 40 0 0 0
0
0
wall 1720 1000 40 0 0 0
wall 1720 1040 40 0 0 0
0
0
0
0
0
0
0
0
0
0
0
0
0
0
0
0
0
0
wall 1760 720 40 0 0 0
wall 1760 760 40 0 0 0
wall 1760 800 40 0 0 0
wall 1760 840 40 0 0 0
0
0
0
wall 1760 1000 40 0 0 0
0
0
0
0
0
0
0
0
0
0
0
0
0
0
0
0
0
0
0
wall 1800 720 40 0 0 0
wall 1800 760 40 0 0 0
wall 1800 800 40 0 0 0
wall 1800 840 40 0 0 0
0
0
0
wall 1800 1000 40 0 0 0
0
0
0
0
0
0
0
0
0
0
0
0
0
0
0
0
0
0
0
wall 1840 720 40 0 0 0
wall 1840 760 40 0 0 0
wall 1840 800 40 0 0 0
wall 1840 840 40 0 0 0
0
star 1840 920 40 0 0 0
0
wall 1840 1000 40 0 0 0
0
0
0
0
0
0
0
0
0
0
0
0
0
0
0
0
0
0
0
wall 1880 720 40 0 0 0
wall 1880 760 40 0 0 0
wall 1880 800 40 0 0 0
wall 1880 840 40 0 0 0
0
0
0
wall 1880 1000 40 0 0 0
0
