1920 1080 40
하연 백지 바탕.PNG
wall 0 0 40 0 0 0
wall 0 40 40 0 0 0
wall 0 80 40 0 0 0
wall 0 120 40 0 0 0
wall 0 160 40 0 0 0
wall 0 200 40 0 0 0
wall 0 240 40 0 0 0
wall 0 280 40 0 0 0
wall 0 320 40 0 0 0
wall 0 360 40 0 0 0
wall 0 400 40 0 0 0
wall 0 440 40 0 0 0
wall 0 480 40 0 0 0
wall 0 520 40 0 0 0
wall 0 560 40 0 0 0
wall 0 600 40 0 0 0
wall 0 640 40 0 0 0
wall 0 680 40 0 0 0
wall 0 720 40 0 0 0
wall 0 760 40 0 0 0
wall 0 800 40 0 0 0
wall 0 840 40 0 0 0
wall 0 880 40 0 0 0
wall 0 920 40 0 0 0
wall 0 960 40 0 0 0
wall 0 1000 40 0 0 0
wall 0 1040 40 0 0 0
wall 40 0 40 0 0 0
0
0
0
0
0
0
wall 40 280 40 0 0 0
0
0
0
0
0
0
0
0
blckhole 40 640 40 0 0 0
0
0
0
0
0
ball 40 880 40 0 0 0
0
wall 40 960 40 0 0 0
wall 40 1000 40 0 0 0
wall 40 1040 40 0 0 0
wall 80 0 40 0 0 0
0
0
0
0
0
0
wall 80 280 40 0 0 0
0
0
0
0
0
0
0
0
blckhole 80 640 40 0 0 0
0
0
0
0
0
0
0
wall 80 960 40 0 0 0
wall 80 1000 40 0 0 0
wall 80 1040 40 0 0 0
wall 120 0 40 0 0 0
0
0
0
0
0
0
wall 120 280 40 0 0 0
0
0
0
0
0
0
0
0
spring 120 640 40 0 0 0
0
0
0
0
0
0
0
spring 120 960 40 0 0 0
wall 120 1000 40 0 0 0
wall 120 1040 40 0 0 0
wall 160 0 40 0 0 0
0
0
0
0
0
0
wall 160 280 40 0 0 0
0
0
0
0
0
0
0
0
0
0
wall 160 720 40 0 0 0
0
0
0
0
0
0
thorn 160 1000 40 0 0 0
wall 160 1040 40 0 0 0
wall 200 0 40 0 0 0
wall 200 40 40 0 0 0
wall 200 80 40 0 0 0
wall 200 120 40 0 0 0
wall 200 160 40 0 0 0
wall 200 200 40 0 0 0
wall 200 240 40 0 0 0
wall 200 280 40 0 0 0
wall 200 320 40 0 0 0
0
0
0
0
wall 200 520 40 0 0 0
0
0
0
0
0
0
0
0
0
0
0
thorn 200 1000 40 0 0 0
wall 200 1040 40 0 0 0
wall 240 0 40 0 0 0
0
0
0
0
0
0
wall 240 280 40 0 0 0
icicle 240 320 40 0 0 0
0
0
0
0
wall 240 520 40 0 0 0
0
0
0
0
0
0
0
spring 240 840 40 0 0 0
0
0
0
thorn 240 1000 40 0 0 0
wall 240 1040 40 0 0 0
wall 280 0 40 0 0 0
0
0
0
0
0
0
wall 280 280 40 0 0 0
icicle 280 320 40 0 0 0
0
0
0
0
wall 280 520 40 0 0 0
0
0
0
0
0
0
0
0
0
0
0
thorn 280 1000 40 0 0 0
wall 280 1040 40 0 0 0
wall 320 0 40 0 0 0
0
0
0
0
0
0
wall 320 280 40 0 0 0
0
0
0
0
0
wall 320 520 40 0 0 0
0
0
0
0
0
0
0
0
0
0
0
thorn 320 1000 40 0 0 0
wall 320 1040 40 0 0 0
wall 360 0 40 0 0 0
0
0
0
0
0
0
wall 360 280 40 0 0 0
icicle 360 320 40 0 0 0
0
0
0
0
wall 360 520 40 0 0 0
0
0
0
0
0
0
0
0
0
0
0
thorn 360 1000 40 0 0 0
wall 360 1040 40 0 0 0
wall 400 0 40 0 0 0
0
0
0
0
0
0
wall 400 280 40 0 0 0
icicle 400 320 40 0 0 0
0
0
0
0
wall 400 520 40 0 0 0
0
0
0
0
0
0
0
0
0
0
0
thorn 400 1000 40 0 0 0
wall 400 1040 40 0 0 0
wall 440 0 40 0 0 0
0
0
0
0
0
0
wall 440 280 40 0 0 0
0
0
0
0
0
wall 440 520 40 0 0 0
0
0
0
0
0
0
0
0
0
0
0
0
wall 440 1040 40 0 0 0
wall 480 0 40 0 0 0
0
0
0
0
0
0
wall 480 280 40 0 0 0
icicle 480 320 40 0 0 0
0
0
0
0
wall 480 520 40 0 0 0
0
0
0
0
0
0
0
0
0
0
0
0
wall 480 1040 40 0 0 0
wall 520 0 40 0 0 0
0
0
0
0
0
0
wall 520 280 40 0 0 0
icicle 520 320 40 0 0 0
0
0
0
0
wall 520 520 40 0 0 0
0
0
0
0
0
0
0
0
0
0
0
0
wall 520 1040 40 0 0 0
wall 560 0 40 0 0 0
wall 560 40 40 0 0 0
wall 560 80 40 0 0 0
wall 560 120 40 0 0 0
wall 560 160 40 0 0 0
wall 560 200 40 0 0 0
wall 560 240 40 0 0 0
wall 560 280 40 0 0 0
wall 560 320 40 0 0 0
wall 560 360 40 0 0 0
wall 560 400 40 0 0 0
0
0
wall 560 520 40 0 0 0
wall 560 560 40 0 0 0
wall 560 600 40 0 0 0
wall 560 640 40 0 0 0
wall 560 680 40 0 0 0
wall 560 720 40 0 0 0
wall 560 760 40 0 0 0
wall 560 800 40 0 0 0
wall 560 840 40 0 0 0
wall 560 880 40 0 0 0
wall 560 920 40 0 0 0
wall 560 960 40 0 0 0
wall 560 1000 40 0 0 0
wall 560 1040 40 0 0 0
wall 600 0 40 0 0 0
0
0
0
0
0
0
0
0
0
0
0
0
0
backblock 600 560 40 0 0 0
wall 600 600 40 0 0 0
0
0
0
0
0
0
0
0
wall 600 960 40 0 0 0
thorn 600 1000 40 0 0 0
wall 600 1040 40 0 0 0
wall 640 0 40 0 0 0
0
0
0
0
0
0
0
0
0
0
0
0
0
backblock 640 560 40 0 0 0
wall 640 600 40 0 0 0
0
0
0
0
0
0
0
0
wall 640 960 40 0 0 0
thorn 640 1000 40 0 0 0
wall 640 1040 40 0 0 0
wall 680 0 40 0 0 0
0
0
0
0
0
0
0
wall 680 320 40 0 0 0
wall 680 360 40 0 0 0
wall 680 400 40 0 0 0
wall 680 440 40 0 0 0
wall 680 480 40 0 0 0
wall 680 520 40 0 0 0
wall 680 560 40 0 0 0
wall 680 600 40 0 0 0
0
0
0
wall 680 760 40 0 0 0
wall 680 800 40 0 0 0
0
0
0
movewal 680 960 40 0 1040 960
thorn 680 1000 40 0 0 0
wall 680 1040 40 0 0 0
wall 720 0 40 0 0 0
0
0
0
0
0
0
0
wall 720 320 40 0 0 0
wall 720 360 40 0 0 0
wall 720 400 40 0 0 0
wall 720 440 40 0 0 0
wall 720 480 40 0 0 0
wall 720 520 40 0 0 0
wall 720 560 40 0 0 0
0
0
0
0
thorn 720 760 40 0 0 0
wall 720 800 40 0 0 0
0
0
0
0
thorn 720 1000 40 0 0 0
wall 720 1040 40 0 0 0
wall 760 0 40 0 0 0
0
0
0
0
0
0
0
wall 760 320 40 0 0 0
wall 760 360 40 0 0 0
wall 760 400 40 0 0 0
wall 760 440 40 0 0 0
wall 760 480 40 0 0 0
wall 760 520 40 0 0 0
wall 760 560 40 0 0 0
0
0
0
fakewal 760 720 40 0 0 0
thorn 760 760 40 0 0 0
wall 760 800 40 0 0 0
0
0
0
0
thorn 760 1000 40 0 0 0
wall 760 1040 40 0 0 0
wall 800 0 40 0 0 0
0
0
0
0
0
0
0
laser 800 320 40 0 0 0
wall 800 360 40 0 0 0
wall 800 400 40 0 0 0
wall 800 440 40 0 0 0
wall 800 480 40 0 0 0
wall 800 520 40 0 0 0
wall 800 560 40 0 0 0
0
0
0
0
thorn 800 760 40 0 0 0
wall 800 800 40 0 0 0
0
0
0
0
thorn 800 1000 40 0 0 0
wall 800 1040 40 0 0 0
wall 840 0 40 0 0 0
0
0
0
0
0
0
0
0
0
0
0
fakewal 840 480 40 0 0 0
0
0
0
0
0
0
thorn 840 760 40 0 0 0
wall 840 800 40 0 0 0
0
0
0
0
thorn 840 1000 40 0 0 0
wall 840 1040 40 0 0 0
wall 880 0 40 0 0 0
0
0
0
0
0
0
0
0
0
0
0
fakewal 880 480 40 0 0 0
0
0
0
0
0
0
thorn 880 760 40 0 0 0
wall 880 800 40 0 0 0
0
0
0
0
thorn 880 1000 40 0 0 0
wall 880 1040 40 0 0 0
wall 920 0 40 0 0 0
0
0
0
0
0
0
0
0
0
0
0
0
0
0
0
0
0
0
thorn 920 760 40 0 0 0
wall 920 800 40 0 0 0
0
0
0
0
thorn 920 1000 40 0 0 0
wall 920 1040 40 0 0 0
wall 960 0 40 0 0 0
0
0
0
0
0
0
0
0
0
0
0
0
0
0
0
0
0
fakewal 960 720 40 0 0 0
thorn 960 760 40 0 0 0
wall 960 800 40 0 0 0
0
0
0
0
thorn 960 1000 40 0 0 0
wall 960 1040 40 0 0 0
wall 1000 0 40 0 0 0
0
0
0
0
0
0
0
0
0
0
0
0
0
0
0
0
0
fakewal 1000 720 40 0 0 0
thorn 1000 760 40 0 0 0
wall 1000 800 40 0 0 0
0
0
0
0
thorn 1000 1000 40 0 0 0
wall 1000 1040 40 0 0 0
wall 1040 0 40 0 0 0
wall 1040 40 40 0 0 0
wall 1040 80 40 0 0 0
wall 1040 120 40 0 0 0
wall 1040 160 40 0 0 0
wall 1040 200 40 0 0 0
wall 1040 240 40 0 0 0
wall 1040 280 40 0 0 0
wall 1040 320 40 0 0 0
wall 1040 360 40 0 0 0
wall 1040 400 40 0 0 0
wall 1040 440 40 0 0 0
wall 1040 480 40 0 0 0
wall 1040 520 40 0 0 0
wall 1040 560 40 0 0 0
wall 1040 600 40 0 0 0
wall 1040 640 40 0 0 0
wall 1040 680 40 0 0 0
wall 1040 720 40 0 0 0
wall 1040 760 40 0 0 0
wall 1040 800 40 0 0 0
0
0
0
endpoint 1040 960 40 0 680 960
thorn 1040 1000 40 0 0 0
wall 1040 1040 40 0 0 0
0
0
0
0
0
0
0
0
0
0
0
0
0
0
0
0
0
0
0
thorn 1080 760 40 0 0 0
wall 1080 800 40 0 0 0
0
0
0
wall 1080 960 40 0 0 0
wall 1080 1000 40 0 0 0
wall 1080 1040 40 0 0 0
0
0
0
0
0
0
0
0
0
0
0
0
0
0
0
0
0
0
0
thorn 1120 760 40 0 0 0
wall 1120 800 40 0 0 0
0
0
0
wall 1120 960 40 0 0 0
wall 1120 1000 40 0 0 0
wall 1120 1040 40 0 0 0
0
0
0
0
0
0
0
0
0
0
0
0
0
wall 1160 520 40 0 0 0
wall 1160 560 40 0 0 0
wall 1160 600 40 0 0 0
0
0
wall 1160 720 40 0 0 0
wall 1160 760 40 0 0 0
wall 1160 800 40 0 0 0
wall 1160 840 40 0 0 0
0
0
wall 1160 960 40 0 0 0
wall 1160 1000 40 0 0 0
wall 1160 1040 40 0 0 0
0
0
0
0
0
0
0
0
0
0
0
0
0
wall 1200 520 40 0 0 0
wall 1200 560 40 0 0 0
wall 1200 600 40 0 0 0
0
0
0
0
0
0
0
0
0
thorn 1200 1000 40 0 0 0
wall 1200 1040 40 0 0 0
0
0
0
0
0
0
0
0
0
0
0
0
0
wall 1240 520 40 0 0 0
wall 1240 560 40 0 0 0
wall 1240 600 40 0 0 0
0
0
0
0
0
0
0
0
0
thorn 1240 1000 40 0 0 0
wall 1240 1040 40 0 0 0
0
0
0
0
0
0
0
0
0
0
0
0
0
wall 1280 520 40 0 0 0
wall 1280 560 40 0 0 0
wall 1280 600 40 0 0 0
wall 1280 640 40 0 0 0
wall 1280 680 40 0 0 0
wall 1280 720 40 0 0 0
wall 1280 760 40 0 0 0
wall 1280 800 40 0 0 0
wall 1280 840 40 0 0 0
wall 1280 880 40 0 0 0
wall 1280 920 40 0 0 0
wall 1280 960 40 0 0 0
wall 1280 1000 40 0 0 0
wall 1280 1040 40 0 0 0
0
0
0
0
0
0
0
0
0
0
0
0
0
movewal 1320 520 40 0 1640 520
thorn 1320 560 40 0 0 0
wall 1320 600 40 0 0 0
0
0
0
0
0
wall 1320 840 40 0 0 0
wall 1320 880 40 0 0 0
wall 1320 920 40 0 0 0
wall 1320 960 40 0 0 0
wall 1320 1000 40 0 0 0
wall 1320 1040 40 0 0 0
0
0
0
0
0
0
0
0
0
0
0
0
0
0
thorn 1360 560 40 0 0 0
wall 1360 600 40 0 0 0
0
0
0
0
0
0
0
0
0
0
wall 1360 1040 40 0 0 0
0
0
0
0
0
0
0
0
0
0
0
0
0
0
thorn 1400 560 40 0 0 0
wall 1400 600 40 0 0 0
0
0
0
0
0
0
0
0
0
0
wall 1400 1040 40 0 0 0
0
0
0
0
0
0
0
0
0
0
0
0
0
0
thorn 1440 560 40 0 0 0
wall 1440 600 40 0 0 0
0
0
0
0
0
0
0
0
0
0
wall 1440 1040 40 0 0 0
0
0
0
0
0
0
0
0
0
0
0
0
0
0
thorn 1480 560 40 0 0 0
wall 1480 600 40 0 0 0
0
0
0
0
0
0
0
0
0
0
wall 1480 1040 40 0 0 0
0
0
0
0
0
0
0
0
0
0
0
0
0
0
thorn 1520 560 40 0 0 0
wall 1520 600 40 0 0 0
0
0
0
0
0
0
0
0
0
0
wall 1520 1040 40 0 0 0
0
0
0
0
0
0
0
0
0
0
0
0
0
0
thorn 1560 560 40 0 0 0
wall 1560 600 40 0 0 0
0
0
0
0
0
0
0
0
0
0
wall 1560 1040 40 0 0 0
0
0
0
0
0
0
0
0
0
0
0
0
0
0
thorn 1600 560 40 0 0 0
wall 1600 600 40 0 0 0
0
0
0
0
0
0
0
0
0
0
wall 1600 1040 40 0 0 0
0
0
0
0
0
0
0
0
0
0
0
0
0
endpoint 1640 520 40 0 1320 520
thorn 1640 560 40 0 0 0
wall 1640 600 40 0 0 0
0
0
0
0
0
0
0
0
0
0
0
0
0
0
0
0
0
0
0
0
0
0
0
0
0
thorn 1680 560 40 0 0 0
wall 1680 600 40 0 0 0
0
0
0
0
0
0
0
0
0
0
0
0
0
0
0
0
0
0
0
0
0
0
0
0
0
thorn 1720 560 40 0 0 0
wall 1720 600 40 0 0 0
0
0
0
0
0
0
0
0
0
0
0
0
0
0
0
0
0
0
0
0
0
0
0
0
wall 1760 520 40 0 0 0
wall 1760 560 40 0 0 0
wall 1760 600 40 0 0 0
0
0
0
0
0
0
0
0
0
0
0
0
0
0
0
0
0
0
0
0
0
0
star 1800 440 40 0 0 0
0
wall 1800 520 40 0 0 0
wall 1800 560 40 0 0 0
wall 1800 600 40 0 0 0
0
0
0
0
0
0
0
0
0
0
0
0
0
0
0
0
0
0
0
0
0
0
0
0
wall 1840 520 40 0 0 0
wall 1840 560 40 0 0 0
wall 1840 600 40 0 0 0
0
0
0
0
0
0
0
0
0
0
0
0
0
0
0
0
0
0
0
0
0
0
0
0
wall 1880 520 40 0 0 0
wall 1880 560 40 0 0 0
wall 1880 600 40 0 0 0
0
0
0
0
0
0
0
0
0
0
0
