1920 1080 40
하연 백지 바탕.PNG
wall 0 0 40 0 0 0
wall 0 40 40 0 0 0
wall 0 80 40 0 0 0
wall 0 120 40 0 0 0
wall 0 160 40 0 0 0
wall 0 200 40 0 0 0
wall 0 240 40 0 0 0
wall 0 280 40 0 0 0
wall 0 320 40 0 0 0
wall 0 360 40 0 0 0
wall 0 400 40 0 0 0
wall 0 440 40 0 0 0
wall 0 480 40 0 0 0
wall 0 520 40 0 0 0
wall 0 560 40 0 0 0
wall 0 600 40 0 0 0
wall 0 640 40 0 0 0
wall 0 680 40 0 0 0
wall 0 720 40 0 0 0
wall 0 760 40 0 0 0
wall 0 800 40 0 0 0
wall 0 840 40 0 0 0
wall 0 880 40 0 0 0
wall 0 920 40 0 0 0
wall 0 960 40 0 0 0
wall 0 1000 40 0 0 0
wall 0 1040 40 0 0 0
wall 40 0 40 0 0 0
wall 40 40 40 0 0 0
wall 40 80 40 0 0 0
blckhole 40 120 40 0 0 0
blckhole 40 160 40 0 0 0
blckhole 40 200 40 0 0 0
blckhole 40 240 40 0 0 0
blckhole 40 280 40 0 0 0
blckhole 40 320 40 0 0 0
blckhole 40 360 40 0 0 0
blckhole 40 400 40 0 0 0
blckhole 40 440 40 0 0 0
blckhole 40 480 40 0 0 0
blckhole 40 520 40 0 0 0
blckhole 40 560 40 0 0 0
blckhole 40 600 40 0 0 0
blckhole 40 640 40 0 0 0
blckhole 40 680 40 0 0 0
blckhole 40 720 40 0 0 0
blckhole 40 760 40 0 0 0
blckhole 40 800 40 0 0 0
wall 40 840 40 0 0 0
ball 40 880 40 0 0 0
0
0
wall 40 1000 40 0 0 0
wall 40 1040 40 0 0 0
0
0
0
0
0
0
0
0
0
spring 80 360 40 0 0 0
0
0
0
0
0
spring 80 600 40 0 0 0
0
0
0
0
0
spring 80 840 40 0 0 0
0
0
0
wall 80 1000 40 0 0 0
wall 80 1040 40 0 0 0
0
0
0
0
0
0
0
0
0
0
0
0
0
0
0
0
0
0
0
0
0
0
0
0
0
wall 120 1000 40 0 0 0
wall 120 1040 40 0 0 0
0
0
0
0
0
0
wall 160 240 40 0 0 0
0
0
0
0
0
spring 160 480 40 0 0 0
0
0
0
0
0
spring 160 720 40 0 0 0
0
0
0
0
0
spring 160 960 40 0 0 0
wall 160 1000 40 0 0 0
wall 160 1040 40 0 0 0
0
0
0
0
0
wall 200 200 40 0 0 0
blckhole 200 240 40 0 0 0
blckhole 200 280 40 0 0 0
blckhole 200 320 40 0 0 0
blckhole 200 360 40 0 0 0
blckhole 200 400 40 0 0 0
blckhole 200 440 40 0 0 0
blckhole 200 480 40 0 0 0
blckhole 200 520 40 0 0 0
blckhole 200 560 40 0 0 0
blckhole 200 600 40 0 0 0
blckhole 200 640 40 0 0 0
blckhole 200 680 40 0 0 0
blckhole 200 720 40 0 0 0
blckhole 200 760 40 0 0 0
blckhole 200 800 40 0 0 0
blckhole 200 840 40 0 0 0
blckhole 200 880 40 0 0 0
blckhole 200 920 40 0 0 0
wall 200 960 40 0 0 0
wall 200 1000 40 0 0 0
wall 200 1040 40 0 0 0
0
0
0
0
wall 240 160 40 0 0 0
wall 240 200 40 0 0 0
wall 240 240 40 0 0 0
wall 240 280 40 0 0 0
wall 240 320 40 0 0 0
wall 240 360 40 0 0 0
wall 240 400 40 0 0 0
wall 240 440 40 0 0 0
wall 240 480 40 0 0 0
wall 240 520 40 0 0 0
wall 240 560 40 0 0 0
wall 240 600 40 0 0 0
wall 240 640 40 0 0 0
wall 240 680 40 0 0 0
wall 240 720 40 0 0 0
wall 240 760 40 0 0 0
wall 240 800 40 0 0 0
wall 240 840 40 0 0 0
wall 240 880 40 0 0 0
wall 240 920 40 0 0 0
wall 240 960 40 0 0 0
wall 240 1000 40 0 0 0
wall 240 1040 40 0 0 0
0
0
0
0
0
thorn 280 200 40 0 0 0
wall 280 240 40 0 0 0
0
0
0
0
0
0
0
0
wall 280 600 40 0 0 0
wall 280 640 40 0 0 0
wall 280 680 40 0 0 0
wall 280 720 40 0 0 0
0
0
0
0
0
0
0
0
0
0
0
0
0
thorn 320 200 40 0 0 0
wall 320 240 40 0 0 0
0
0
0
0
0
0
0
0
0
wall 320 640 40 0 0 0
wall 320 680 40 0 0 0
wall 320 720 40 0 0 0
0
0
0
0
0
0
0
0
0
0
0
0
0
thorn 360 200 40 0 0 0
wall 360 240 40 0 0 0
0
0
0
0
0
0
0
0
0
0
wall 360 680 40 0 0 0
wall 360 720 40 0 0 0
0
0
0
0
0
0
0
0
0
0
0
0
0
thorn 400 200 40 0 0 0
wall 400 240 40 0 0 0
0
0
0
0
0
0
0
0
0
0
0
wall 400 720 40 0 0 0
0
0
0
0
0
0
0
0
0
0
0
0
fakewal 440 160 40 0 0 0
thorn 440 200 40 0 0 0
wall 440 240 40 0 0 0
0
0
0
fakewal 440 400 40 0 0 0
thorn 440 440 40 0 0 0
wall 440 480 40 0 0 0
wall 440 520 40 0 0 0
wall 440 560 40 0 0 0
0
0
0
wall 440 720 40 0 0 0
0
0
0
0
0
0
0
0
0
0
0
0
0
thorn 480 200 40 0 0 0
wall 480 240 40 0 0 0
0
0
0
0
thorn 480 440 40 0 0 0
wall 480 480 40 0 0 0
icicle 480 520 40 0 0 0
0
0
0
0
wall 480 720 40 0 0 0
0
0
0
0
0
0
0
0
0
0
0
0
0
thorn 520 200 40 0 0 0
wall 520 240 40 0 0 0
0
0
0
0
thorn 520 440 40 0 0 0
wall 520 480 40 0 0 0
icicle 520 520 40 0 0 0
0
0
0
0
wall 520 720 40 0 0 0
0
0
0
0
0
0
0
0
0
0
0
0
0
thorn 560 200 40 0 0 0
wall 560 240 40 0 0 0
0
0
0
0
thorn 560 440 40 0 0 0
wall 560 480 40 0 0 0
icicle 560 520 40 0 0 0
0
0
0
0
wall 560 720 40 0 0 0
0
0
0
0
0
0
0
0
0
0
0
0
0
thorn 600 200 40 0 0 0
wall 600 240 40 0 0 0
0
0
0
0
thorn 600 440 40 0 0 0
wall 600 480 40 0 0 0
icicle 600 520 40 0 0 0
0
0
0
0
wall 600 720 40 0 0 0
0
0
0
0
0
0
0
0
0
0
0
0
fakewal 640 160 40 0 0 0
thorn 640 200 40 0 0 0
wall 640 240 40 0 0 0
0
0
0
fakewal 640 400 40 0 0 0
thorn 640 440 40 0 0 0
wall 640 480 40 0 0 0
wall 640 520 40 0 0 0
wall 640 560 40 0 0 0
0
0
0
wall 640 720 40 0 0 0
0
0
0
0
0
0
0
0
0
0
0
0
0
thorn 680 200 40 0 0 0
wall 680 240 40 0 0 0
0
0
0
0
thorn 680 440 40 0 0 0
wall 680 480 40 0 0 0
icicle 680 520 40 0 0 0
0
0
0
0
wall 680 720 40 0 0 0
0
0
0
0
0
0
0
0
0
0
0
0
0
thorn 720 200 40 0 0 0
wall 720 240 40 0 0 0
0
0
0
0
thorn 720 440 40 0 0 0
wall 720 480 40 0 0 0
icicle 720 520 40 0 0 0
0
0
0
0
wall 720 720 40 0 0 0
0
0
0
0
0
0
0
0
0
0
0
0
0
thorn 760 200 40 0 0 0
wall 760 240 40 0 0 0
0
0
0
0
thorn 760 440 40 0 0 0
wall 760 480 40 0 0 0
icicle 760 520 40 0 0 0
0
0
0
0
wall 760 720 40 0 0 0
0
0
0
0
0
0
0
0
0
0
0
0
0
thorn 800 200 40 0 0 0
wall 800 240 40 0 0 0
0
0
0
fakewal 800 400 40 0 0 0
thorn 800 440 40 0 0 0
wall 800 480 40 0 0 0
icicle 800 520 40 0 0 0
0
0
0
0
wall 800 720 40 0 0 0
0
0
0
0
0
0
0
0
0
0
0
0
fakewal 840 160 40 0 0 0
thorn 840 200 40 0 0 0
wall 840 240 40 0 0 0
0
0
0
0
thorn 840 440 40 0 0 0
wall 840 480 40 0 0 0
wall 840 520 40 0 0 0
wall 840 560 40 0 0 0
0
0
0
wall 840 720 40 0 0 0
0
0
0
0
0
0
0
0
0
0
0
0
0
0
0
0
0
0
0
thorn 880 440 40 0 0 0
wall 880 480 40 0 0 0
icicle 880 520 40 0 0 0
0
0
0
0
wall 880 720 40 0 0 0
0
0
0
0
0
0
0
0
0
0
0
0
0
0
0
0
0
fakewal 920 360 40 0 0 0
0
thorn 920 440 40 0 0 0
wall 920 480 40 0 0 0
icicle 920 520 40 0 0 0
0
0
0
0
wall 920 720 40 0 0 0
0
0
0
0
0
0
0
0
0
0
0
0
0
0
0
0
0
0
0
thorn 960 440 40 0 0 0
wall 960 480 40 0 0 0
icicle 960 520 40 0 0 0
0
0
0
0
wall 960 720 40 0 0 0
0
0
0
0
0
0
0
0
wall 1000 0 40 0 0 0
wall 1000 40 40 0 0 0
wall 1000 80 40 0 0 0
wall 1000 120 40 0 0 0
wall 1000 160 40 0 0 0
wall 1000 200 40 0 0 0
wall 1000 240 40 0 0 0
wall 1000 280 40 0 0 0
wall 1000 320 40 0 0 0
wall 1000 360 40 0 0 0
wall 1000 400 40 0 0 0
wall 1000 440 40 0 0 0
wall 1000 480 40 0 0 0
wall 1000 520 40 0 0 0
wall 1000 560 40 0 0 0
wall 1000 600 40 0 0 0
0
0
wall 1000 720 40 0 0 0
wall 1000 760 40 0 0 0
wall 1000 800 40 0 0 0
wall 1000 840 40 0 0 0
wall 1000 880 40 0 0 0
wall 1000 920 40 0 0 0
wall 1000 960 40 0 0 0
wall 1000 1000 40 0 0 0
wall 1000 1040 40 0 0 0
0
0
0
0
0
0
wall 1040 240 40 0 0 0
0
0
0
0
0
0
0
0
0
0
0
0
thorn 1040 760 40 0 0 0
wall 1040 800 40 0 0 0
0
0
0
0
0
0
0
0
0
0
0
0
wall 1080 240 40 0 0 0
0
0
0
0
0
0
0
0
0
0
0
0
thorn 1080 760 40 0 0 0
wall 1080 800 40 0 0 0
0
0
0
0
0
0
0
0
0
0
0
0
wall 1120 240 40 0 0 0
0
0
0
0
wall 1120 440 40 0 0 0
wall 1120 480 40 0 0 0
wall 1120 520 40 0 0 0
wall 1120 560 40 0 0 0
wall 1120 600 40 0 0 0
wall 1120 640 40 0 0 0
wall 1120 680 40 0 0 0
wall 1120 720 40 0 0 0
wall 1120 760 40 0 0 0
wall 1120 800 40 0 0 0
0
0
0
0
0
0
0
0
0
0
0
0
wall 1160 240 40 0 0 0
0
0
0
0
movewal 1160 440 40 0 1440 440
thorn 1160 480 40 0 0 0
wall 1160 520 40 0 0 0
cannon 1160 560 40 1 0 0
wall 1160 600 40 0 0 0
wall 1160 640 40 0 0 0
wall 1160 680 40 0 0 0
wall 1160 720 40 0 0 0
wall 1160 760 40 0 0 0
wall 1160 800 40 0 0 0
wall 1160 840 40 0 0 0
wall 1160 880 40 0 0 0
wall 1160 920 40 0 0 0
wall 1160 960 40 0 0 0
wall 1160 1000 40 0 0 0
wall 1160 1040 40 0 0 0
0
0
0
0
0
0
wall 1200 240 40 0 0 0
0
0
0
0
0
thorn 1200 480 40 0 0 0
wall 1200 520 40 0 0 0
0
0
0
0
0
0
wall 1200 800 40 0 0 0
wall 1200 840 40 0 0 0
wall 1200 880 40 0 0 0
0
0
0
0
0
0
0
0
0
0
wall 1240 240 40 0 0 0
0
0
0
0
0
thorn 1240 480 40 0 0 0
wall 1240 520 40 0 0 0
0
0
0
0
0
0
0
wall 1240 840 40 0 0 0
wall 1240 880 40 0 0 0
0
0
0
0
0
0
0
0
0
0
wall 1280 240 40 0 0 0
0
0
0
0
0
thorn 1280 480 40 0 0 0
wall 1280 520 40 0 0 0
0
0
wall 1280 640 40 0 0 0
wall 1280 680 40 0 0 0
0
0
0
0
wall 1280 880 40 0 0 0
0
0
0
0
0
0
0
0
0
0
wall 1320 240 40 0 0 0
0
0
0
0
0
thorn 1320 480 40 0 0 0
wall 1320 520 40 0 0 0
0
0
0
wall 1320 680 40 0 0 0
0
0
0
0
wall 1320 880 40 0 0 0
wall 1320 920 40 0 0 0
wall 1320 960 40 0 0 0
wall 1320 1000 40 0 0 0
wall 1320 1040 40 0 0 0
0
0
0
0
0
0
wall 1360 240 40 0 0 0
0
0
0
0
0
thorn 1360 480 40 0 0 0
wall 1360 520 40 0 0 0
0
0
0
wall 1360 680 40 0 0 0
0
0
0
0
movewal 1360 880 40 0 1640 880
thorn 1360 920 40 0 0 0
wall 1360 960 40 0 0 0
0
0
0
0
0
0
0
0
wall 1400 240 40 0 0 0
0
0
0
0
0
thorn 1400 480 40 0 0 0
wall 1400 520 40 0 0 0
0
0
0
wall 1400 680 40 0 0 0
0
0
0
0
0
thorn 1400 920 40 0 0 0
wall 1400 960 40 0 0 0
0
0
0
0
0
0
0
0
wall 1440 240 40 0 0 0
0
0
0
0
endpoint 1440 440 40 0 1160 440
thorn 1440 480 40 0 0 0
wall 1440 520 40 0 0 0
0
0
wall 1440 640 40 0 0 0
wall 1440 680 40 0 0 0
0
0
0
0
0
thorn 1440 920 40 0 0 0
wall 1440 960 40 0 0 0
0
0
0
0
0
0
0
0
wall 1480 240 40 0 0 0
0
0
0
0
0
thorn 1480 480 40 0 0 0
wall 1480 520 40 0 0 0
0
0
0
wall 1480 680 40 0 0 0
0
0
0
0
0
thorn 1480 920 40 0 0 0
wall 1480 960 40 0 0 0
0
0
0
0
0
0
0
0
wall 1520 240 40 0 0 0
0
0
0
0
spring 1520 440 40 0 0 0
thorn 1520 480 40 0 0 0
wall 1520 520 40 0 0 0
0
0
0
wall 1520 680 40 0 0 0
0
0
0
0
0
thorn 1520 920 40 0 0 0
wall 1520 960 40 0 0 0
0
0
0
0
0
0
0
0
wall 1560 240 40 0 0 0
0
0
0
0
wall 1560 440 40 0 0 0
thorn 1560 480 40 0 0 0
wall 1560 520 40 0 0 0
0
0
0
wall 1560 680 40 0 0 0
0
0
0
0
0
thorn 1560 920 40 0 0 0
wall 1560 960 40 0 0 0
0
0
0
0
0
0
0
0
wall 1600 240 40 0 0 0
0
0
0
thorn 1600 400 40 0 0 0
wall 1600 440 40 0 0 0
wall 1600 480 40 0 0 0
wall 1600 520 40 0 0 0
0
0
wall 1600 640 40 0 0 0
wall 1600 680 40 0 0 0
0
0
0
0
0
thorn 1600 920 40 0 0 0
wall 1600 960 40 0 0 0
0
0
0
0
0
0
0
0
wall 1640 240 40 0 0 0
0
0
0
0
0
0
wall 1640 520 40 0 0 0
0
0
0
wall 1640 680 40 0 0 0
0
0
0
0
endpoint 1640 880 40 0 1360 880
thorn 1640 920 40 0 0 0
wall 1640 960 40 0 0 0
0
0
0
0
0
0
0
0
wall 1680 240 40 0 0 0
0
0
0
0
0
0
0
0
0
0
wall 1680 680 40 0 0 0
0
0
0
0
0
thorn 1680 920 40 0 0 0
wall 1680 960 40 0 0 0
0
0
0
0
0
0
0
0
wall 1720 240 40 0 0 0
wall 1720 280 40 0 0 0
wall 1720 320 40 0 0 0
wall 1720 360 40 0 0 0
wall 1720 400 40 0 0 0
wall 1720 440 40 0 0 0
wall 1720 480 40 0 0 0
wall 1720 520 40 0 0 0
wall 1720 560 40 0 0 0
wall 1720 600 40 0 0 0
wall 1720 640 40 0 0 0
wall 1720 680 40 0 0 0
0
0
0
0
0
thorn 1720 920 40 0 0 0
wall 1720 960 40 0 0 0
0
0
0
0
0
0
0
0
0
0
0
0
0
0
0
0
0
0
0
wall 1760 680 40 0 0 0
0
0
0
0
wall 1760 880 40 0 0 0
wall 1760 920 40 0 0 0
wall 1760 960 40 0 0 0
wall 1760 1000 40 0 0 0
wall 1760 1040 40 0 0 0
0
0
0
0
0
0
0
0
0
0
0
0
0
0
0
0
0
wall 1800 680 40 0 0 0
0
0
0
0
wall 1800 880 40 0 0 0
0
0
0
0
0
0
0
0
0
0
0
0
0
0
0
0
0
0
0
0
0
wall 1840 680 40 0 0 0
0
0
star 1840 800 40 0 0 0
0
wall 1840 880 40 0 0 0
0
0
0
0
0
0
0
0
0
0
0
0
0
0
0
0
0
0
0
0
0
wall 1880 680 40 0 0 0
0
0
0
0
wall 1880 880 40 0 0 0
0
0
0
0
