1920 1080 40
하연 백지 바탕.PNG
wall 0 0 40 0 0 0
wall 0 40 40 0 0 0
wall 0 80 40 0 0 0
wall 0 120 40 0 0 0
wall 0 160 40 0 0 0
wall 0 200 40 0 0 0
wall 0 240 40 0 0 0
wall 0 280 40 0 0 0
wall 0 320 40 0 0 0
wall 0 360 40 0 0 0
wall 0 400 40 0 0 0
wall 0 440 40 0 0 0
wall 0 480 40 0 0 0
wall 0 520 40 0 0 0
wall 0 560 40 0 0 0
wall 0 600 40 0 0 0
wall 0 640 40 0 0 0
wall 0 680 40 0 0 0
wall 0 720 40 0 0 0
wall 0 760 40 0 0 0
wall 0 800 40 0 0 0
wall 0 840 40 0 0 0
wall 0 880 40 0 0 0
wall 0 920 40 0 0 0
wall 0 960 40 0 0 0
wall 0 1000 40 0 0 0
wall 0 1040 40 0 0 0
wall 40 0 40 0 0 0
wall 40 40 40 0 0 0
0
0
0
0
0
0
0
0
0
0
0
0
0
spring 40 600 40 0 0 0
0
thorn 40 680 40 0 0 0
wall 40 720 40 0 0 0
0
0
0
0
0
wall 40 960 40 0 0 0
wall 40 1000 40 0 0 0
wall 40 1040 40 0 0 0
wall 80 0 40 0 0 0
wall 80 40 40 0 0 0
0
0
0
0
0
0
0
0
0
0
0
0
0
0
0
thorn 80 680 40 0 0 0
wall 80 720 40 0 0 0
0
0
0
ball 80 880 40 0 0 0
0
wall 80 960 40 0 0 0
wall 80 1000 40 0 0 0
wall 80 1040 40 0 0 0
wall 120 0 40 0 0 0
wall 120 40 40 0 0 0
0
0
0
0
0
0
0
0
0
0
0
0
0
0
0
thorn 120 680 40 0 0 0
wall 120 720 40 0 0 0
0
0
0
0
0
wall 120 960 40 0 0 0
wall 120 1000 40 0 0 0
wall 120 1040 40 0 0 0
wall 160 0 40 0 0 0
wall 160 40 40 0 0 0
0
0
0
0
0
0
0
0
0
0
spring 160 480 40 0 0 0
0
0
0
0
thorn 160 680 40 0 0 0
wall 160 720 40 0 0 0
0
0
0
0
0
0
thorn 160 1000 40 0 0 0
wall 160 1040 40 0 0 0
wall 200 0 40 0 0 0
wall 200 40 40 0 0 0
0
0
0
0
0
0
0
0
0
0
0
0
0
0
fakewal 200 640 40 0 0 0
thorn 200 680 40 0 0 0
wall 200 720 40 0 0 0
0
0
0
0
0
0
thorn 200 1000 40 0 0 0
wall 200 1040 40 0 0 0
wall 240 0 40 0 0 0
wall 240 40 40 0 0 0
0
0
0
0
0
0
0
0
0
0
0
0
0
0
0
thorn 240 680 40 0 0 0
wall 240 720 40 0 0 0
0
0
0
0
0
0
thorn 240 1000 40 0 0 0
wall 240 1040 40 0 0 0
wall 280 0 40 0 0 0
wall 280 40 40 0 0 0
0
0
0
0
0
0
0
spring 280 360 40 0 0 0
0
0
0
0
0
0
0
thorn 280 680 40 0 0 0
wall 280 720 40 0 0 0
0
0
0
0
0
0
thorn 280 1000 40 0 0 0
wall 280 1040 40 0 0 0
wall 320 0 40 0 0 0
wall 320 40 40 0 0 0
0
0
0
0
0
0
0
0
0
0
0
0
0
0
0
thorn 320 680 40 0 0 0
wall 320 720 40 0 0 0
0
0
0
0
0
fakewal 320 960 40 0 0 0
thorn 320 1000 40 0 0 0
wall 320 1040 40 0 0 0
wall 360 0 40 0 0 0
wall 360 40 40 0 0 0
0
0
0
0
0
0
0
0
0
0
0
0
0
0
0
wall 360 680 40 0 0 0
wall 360 720 40 0 0 0
0
0
0
0
0
0
thorn 360 1000 40 0 0 0
wall 360 1040 40 0 0 0
wall 400 0 40 0 0 0
wall 400 40 40 0 0 0
0
0
0
0
wall 400 240 40 0 0 0
wall 400 280 40 0 0 0
wall 400 320 40 0 0 0
0
0
0
0
0
0
0
0
0
0
0
0
0
0
0
0
thorn 400 1000 40 0 0 0
wall 400 1040 40 0 0 0
wall 440 0 40 0 0 0
wall 440 40 40 0 0 0
wall 440 80 40 0 0 0
0
0
0
wall 440 240 40 0 0 0
wall 440 280 40 0 0 0
wall 440 320 40 0 0 0
0
0
0
0
0
0
0
0
0
0
0
0
0
0
0
0
thorn 440 1000 40 0 0 0
wall 440 1040 40 0 0 0
wall 480 0 40 0 0 0
wall 480 40 40 0 0 0
icicle 480 80 40 0 0 0
0
0
0
0
thorn 480 280 40 0 0 0
wall 480 320 40 0 0 0
0
0
0
0
0
0
0
0
0
wall 480 720 40 0 0 0
0
0
0
0
fakewal 480 920 40 0 0 0
0
thorn 480 1000 40 0 0 0
wall 480 1040 40 0 0 0
wall 520 0 40 0 0 0
wall 520 40 40 0 0 0
icicle 520 80 40 0 0 0
0
0
0
0
thorn 520 280 40 0 0 0
wall 520 320 40 0 0 0
0
0
0
0
0
0
0
0
0
0
0
0
0
0
fakewal 520 920 40 0 0 0
0
thorn 520 1000 40 0 0 0
wall 520 1040 40 0 0 0
wall 560 0 40 0 0 0
wall 560 40 40 0 0 0
wall 560 80 40 0 0 0
0
0
0
wall 560 240 40 0 0 0
thorn 560 280 40 0 0 0
wall 560 320 40 0 0 0
0
0
0
0
0
0
0
0
0
0
0
0
wall 560 840 40 0 0 0
wall 560 880 40 0 0 0
wall 560 920 40 0 0 0
wall 560 960 40 0 0 0
wall 560 1000 40 0 0 0
wall 560 1040 40 0 0 0
wall 600 0 40 0 0 0
wall 600 40 40 0 0 0
icicle 600 80 40 0 0 0
0
0
0
0
thorn 600 280 40 0 0 0
wall 600 320 40 0 0 0
0
0
0
0
0
0
0
0
0
0
0
0
spring 600 840 40 0 0 0
0
0
0
0
0
wall 640 0 40 0 0 0
wall 640 40 40 0 0 0
icicle 640 80 40 0 0 0
0
0
0
0
thorn 640 280 40 0 0 0
wall 640 320 40 0 0 0
wall 640 360 40 0 0 0
wall 640 400 40 0 0 0
wall 640 440 40 0 0 0
wall 640 480 40 0 0 0
wall 640 520 40 0 0 0
wall 640 560 40 0 0 0
wall 640 600 40 0 0 0
wall 640 640 40 0 0 0
wall 640 680 40 0 0 0
wall 640 720 40 0 0 0
wall 640 760 40 0 0 0
wall 640 800 40 0 0 0
wall 640 840 40 0 0 0
0
0
0
0
0
wall 680 0 40 0 0 0
wall 680 40 40 0 0 0
wall 680 80 40 0 0 0
0
0
0
wall 680 240 40 0 0 0
thorn 680 280 40 0 0 0
wall 680 320 40 0 0 0
0
0
0
0
0
0
0
0
fakewal 680 680 40 0 0 0
0
0
thorn 680 800 40 0 0 0
wall 680 840 40 0 0 0
0
0
0
0
0
wall 720 0 40 0 0 0
wall 720 40 40 0 0 0
icicle 720 80 40 0 0 0
0
0
0
0
thorn 720 280 40 0 0 0
wall 720 320 40 0 0 0
0
0
0
0
0
0
0
0
fakewal 720 680 40 0 0 0
0
0
thorn 720 800 40 0 0 0
wall 720 840 40 0 0 0
0
0
0
0
0
wall 760 0 40 0 0 0
wall 760 40 40 0 0 0
icicle 760 80 40 0 0 0
0
0
0
0
thorn 760 280 40 0 0 0
wall 760 320 40 0 0 0
0
0
0
0
wall 760 520 40 0 0 0
wall 760 560 40 0 0 0
wall 760 600 40 0 0 0
0
0
0
0
wall 760 800 40 0 0 0
wall 760 840 40 0 0 0
wall 760 880 40 0 0 0
0
0
0
0
wall 800 0 40 0 0 0
wall 800 40 40 0 0 0
icicle 800 80 40 0 0 0
0
0
0
0
thorn 800 280 40 0 0 0
wall 800 320 40 0 0 0
0
0
0
0
movewal 800 520 40 0 1080 520
thorn 800 560 40 0 0 0
wall 800 600 40 0 0 0
0
0
0
0
0
0
wall 800 880 40 0 0 0
0
0
0
0
wall 840 0 40 0 0 0
wall 840 40 40 0 0 0
wall 840 80 40 0 0 0
0
0
0
wall 840 240 40 0 0 0
wall 840 280 40 0 0 0
wall 840 320 40 0 0 0
0
0
0
0
0
thorn 840 560 40 0 0 0
wall 840 600 40 0 0 0
wall 840 640 40 0 0 0
wall 840 680 40 0 0 0
wall 840 720 40 0 0 0
wall 840 760 40 0 0 0
0
0
wall 840 880 40 0 0 0
0
0
0
0
wall 880 0 40 0 0 0
wall 880 40 40 0 0 0
0
0
0
0
movewal 880 240 40 0 1160 240
thorn 880 280 40 0 0 0
wall 880 320 40 0 0 0
0
0
0
0
0
thorn 880 560 40 0 0 0
wall 880 600 40 0 0 0
wall 880 640 40 0 0 0
wall 880 680 40 0 0 0
cannon 880 720 40 1 0 0
wall 880 760 40 0 0 0
0
0
wall 880 880 40 0 0 0
0
0
0
0
wall 920 0 40 0 0 0
wall 920 40 40 0 0 0
0
0
0
0
0
thorn 920 280 40 0 0 0
wall 920 320 40 0 0 0
0
0
0
0
0
thorn 920 560 40 0 0 0
wall 920 600 40 0 0 0
0
0
0
0
0
0
wall 920 880 40 0 0 0
0
0
0
0
wall 960 0 40 0 0 0
wall 960 40 40 0 0 0
0
0
0
0
0
thorn 960 280 40 0 0 0
wall 960 320 40 0 0 0
0
0
0
0
0
thorn 960 560 40 0 0 0
wall 960 600 40 0 0 0
0
0
0
0
0
wall 960 840 40 0 0 0
0
0
0
0
0
wall 1000 0 40 0 0 0
wall 1000 40 40 0 0 0
0
0
0
0
0
thorn 1000 280 40 0 0 0
wall 1000 320 40 0 0 0
0
0
0
0
0
thorn 1000 560 40 0 0 0
wall 1000 600 40 0 0 0
0
0
0
0
wall 1000 800 40 0 0 0
wall 1000 840 40 0 0 0
0
0
0
0
0
wall 1040 0 40 0 0 0
wall 1040 40 40 0 0 0
0
0
0
0
0
thorn 1040 280 40 0 0 0
wall 1040 320 40 0 0 0
0
0
0
0
0
thorn 1040 560 40 0 0 0
wall 1040 600 40 0 0 0
0
0
0
0
0
wall 1040 840 40 0 0 0
0
0
0
0
0
wall 1080 0 40 0 0 0
wall 1080 40 40 0 0 0
0
0
0
0
0
thorn 1080 280 40 0 0 0
wall 1080 320 40 0 0 0
0
0
0
0
endpoint 1080 520 40 0 800 520
thorn 1080 560 40 0 0 0
wall 1080 600 40 0 0 0
0
0
0
0
0
wall 1080 840 40 0 0 0
0
0
0
0
0
wall 1120 0 40 0 0 0
wall 1120 40 40 0 0 0
0
0
0
0
0
thorn 1120 280 40 0 0 0
wall 1120 320 40 0 0 0
0
0
0
0
0
thorn 1120 560 40 0 0 0
wall 1120 600 40 0 0 0
0
0
0
0
wall 1120 800 40 0 0 0
wall 1120 840 40 0 0 0
0
0
0
0
0
wall 1160 0 40 0 0 0
wall 1160 40 40 0 0 0
0
0
0
0
endpoint 1160 240 40 0 880 240
thorn 1160 280 40 0 0 0
wall 1160 320 40 0 0 0
0
0
0
0
0
thorn 1160 560 40 0 0 0
wall 1160 600 40 0 0 0
0
0
0
0
0
wall 1160 840 40 0 0 0
0
0
0
0
0
wall 1200 0 40 0 0 0
wall 1200 40 40 0 0 0
0
0
0
0
wall 1200 240 40 0 0 0
wall 1200 280 40 0 0 0
wall 1200 320 40 0 0 0
0
0
0
0
wall 1200 520 40 0 0 0
wall 1200 560 40 0 0 0
wall 1200 600 40 0 0 0
0
0
0
0
0
wall 1200 840 40 0 0 0
0
0
0
0
0
wall 1240 0 40 0 0 0
wall 1240 40 40 0 0 0
0
0
0
0
0
0
0
0
fakewal 1240 400 40 0 0 0
0
0
0
thorn 1240 560 40 0 0 0
wall 1240 600 40 0 0 0
0
0
0
0
wall 1240 800 40 0 0 0
wall 1240 840 40 0 0 0
wall 1240 880 40 0 0 0
wall 1240 920 40 0 0 0
wall 1240 960 40 0 0 0
wall 1240 1000 40 0 0 0
wall 1240 1040 40 0 0 0
wall 1280 0 40 0 0 0
wall 1280 40 40 0 0 0
0
0
0
0
0
0
0
0
fakewal 1280 400 40 0 0 0
0
0
0
thorn 1280 560 40 0 0 0
wall 1280 600 40 0 0 0
0
0
0
0
0
0
0
0
wall 1280 960 40 0 0 0
wall 1280 1000 40 0 0 0
wall 1280 1040 40 0 0 0
wall 1320 0 40 0 0 0
wall 1320 40 40 0 0 0
wall 1320 80 40 0 0 0
wall 1320 120 40 0 0 0
wall 1320 160 40 0 0 0
wall 1320 200 40 0 0 0
wall 1320 240 40 0 0 0
wall 1320 280 40 0 0 0
wall 1320 320 40 0 0 0
wall 1320 360 40 0 0 0
wall 1320 400 40 0 0 0
wall 1320 440 40 0 0 0
wall 1320 480 40 0 0 0
wall 1320 520 40 0 0 0
wall 1320 560 40 0 0 0
wall 1320 600 40 0 0 0
wall 1320 640 40 0 0 0
wall 1320 680 40 0 0 0
0
0
0
0
0
0
wall 1320 960 40 0 0 0
wall 1320 1000 40 0 0 0
wall 1320 1040 40 0 0 0
0
0
0
0
0
0
0
0
0
0
0
0
0
wall 1360 520 40 0 0 0
wall 1360 560 40 0 0 0
wall 1360 600 40 0 0 0
wall 1360 640 40 0 0 0
wall 1360 680 40 0 0 0
wall 1360 720 40 0 0 0
wall 1360 760 40 0 0 0
wall 1360 800 40 0 0 0
wall 1360 840 40 0 0 0
0
0
wall 1360 960 40 0 0 0
wall 1360 1000 40 0 0 0
wall 1360 1040 40 0 0 0
0
0
0
0
0
0
0
0
0
0
0
0
0
wall 1400 520 40 0 0 0
0
0
0
0
0
0
0
0
0
0
0
backblock 1400 1000 40 0 0 0
wall 1400 1040 40 0 0 0
0
0
0
0
0
0
0
0
0
0
0
0
0
wall 1440 520 40 0 0 0
0
0
0
0
0
0
0
0
0
0
0
backblock 1440 1000 40 0 0 0
wall 1440 1040 40 0 0 0
0
0
0
0
0
0
0
0
0
0
0
0
0
wall 1480 520 40 0 0 0
0
0
0
0
0
wall 1480 760 40 0 0 0
wall 1480 800 40 0 0 0
wall 1480 840 40 0 0 0
wall 1480 880 40 0 0 0
wall 1480 920 40 0 0 0
wall 1480 960 40 0 0 0
wall 1480 1000 40 0 0 0
wall 1480 1040 40 0 0 0
0
0
0
0
0
0
0
0
0
0
0
0
0
wall 1520 520 40 0 0 0
0
0
0
0
0
0
thorn 1520 800 40 0 0 0
wall 1520 840 40 0 0 0
0
0
0
0
0
0
0
0
0
0
0
0
0
0
0
0
0
0
wall 1560 520 40 0 0 0
0
0
0
0
0
0
thorn 1560 800 40 0 0 0
wall 1560 840 40 0 0 0
0
0
0
0
0
0
0
0
0
0
0
0
0
0
0
0
0
0
wall 1600 520 40 0 0 0
0
0
0
0
0
0
thorn 1600 800 40 0 0 0
wall 1600 840 40 0 0 0
0
0
0
0
0
0
0
0
0
0
0
0
0
0
0
0
0
0
wall 1640 520 40 0 0 0
0
0
0
0
0
fakewal 1640 760 40 0 0 0
thorn 1640 800 40 0 0 0
wall 1640 840 40 0 0 0
0
0
0
0
0
0
0
0
0
0
0
0
0
0
0
0
0
0
wall 1680 520 40 0 0 0
0
0
0
0
0
0
thorn 1680 800 40 0 0 0
wall 1680 840 40 0 0 0
0
0
0
0
0
0
0
0
0
0
0
0
0
0
0
0
0
0
wall 1720 520 40 0 0 0
0
0
0
0
0
0
thorn 1720 800 40 0 0 0
wall 1720 840 40 0 0 0
0
0
0
0
0
0
0
0
0
0
0
0
0
0
0
0
0
0
wall 1760 520 40 0 0 0
0
0
0
0
0
0
thorn 1760 800 40 0 0 0
wall 1760 840 40 0 0 0
0
0
0
0
0
0
0
0
0
0
0
0
0
0
0
0
0
0
wall 1800 520 40 0 0 0
wall 1800 560 40 0 0 0
wall 1800 600 40 0 0 0
0
0
0
wall 1800 760 40 0 0 0
wall 1800 800 40 0 0 0
wall 1800 840 40 0 0 0
0
0
0
0
0
0
0
0
0
0
0
0
0
0
0
0
0
0
wall 1840 520 40 0 0 0
wall 1840 560 40 0 0 0
wall 1840 600 40 0 0 0
0
star 1840 680 40 0 0 0
0
wall 1840 760 40 0 0 0
wall 1840 800 40 0 0 0
wall 1840 840 40 0 0 0
0
0
0
0
0
0
0
0
0
0
0
0
0
0
0
0
0
0
wall 1880 520 40 0 0 0
wall 1880 560 40 0 0 0
wall 1880 600 40 0 0 0
0
0
0
wall 1880 760 40 0 0 0
wall 1880 800 40 0 0 0
wall 1880 840 40 0 0 0
0
0
0
0
0
