1920 1080 40
하연 백지 바탕.PNG
0
0
lever 0 80 40 0 40 80
0
0
0
0
thorn 0 280 40 0 0 0
thorn 0 320 40 0 0 0
thorn 0 360 40 0 0 0
thorn 0 400 40 0 0 0
thorn 0 440 40 0 0 0
thorn 0 480 40 0 0 0
thorn 0 520 40 0 0 0
thorn 0 560 40 0 0 0
thorn 0 600 40 0 0 0
0
0
thorn 0 720 40 0 0 0
wall 0 760 40 0 0 0
wall 0 800 40 0 0 0
wall 0 840 40 0 0 0
wall 0 880 40 0 0 0
wall 0 920 40 0 0 0
wall 0 960 40 0 0 0
wall 0 1000 40 0 0 0
thorn 0 1040 40 0 0 0
0
0
levon 40 80 40 0 0 80
0
0
0
0
0
0
0
0
0
0
0
0
0
spring 40 640 40 0 0 0
0
thorn 40 720 40 0 0 0
wall 40 760 40 0 0 0
0
0
0
0
0
wall 40 1000 40 0 0 0
thorn 40 1040 40 0 0 0
0
0
0
0
0
0
0
0
0
0
0
0
0
0
0
0
0
wall 80 680 40 0 0 0
thorn 80 720 40 0 0 0
wall 80 760 40 0 0 0
0
0
ball 80 880 40 0 0 0
0
0
wall 80 1000 40 0 0 0
thorn 80 1040 40 0 0 0
0
thorn 120 40 40 0 0 0
0
0
0
0
0
0
0
0
0
0
0
spring 120 520 40 0 0 0
0
0
0
movewal 120 680 40 0 400 680
thorn 120 720 40 0 0 0
wall 120 760 40 0 0 0
0
0
0
0
0
wall 120 1000 40 0 0 0
thorn 120 1040 40 0 0 0
0
0
0
0
0
0
0
0
0
0
0
0
0
0
0
0
0
0
thorn 160 720 40 0 0 0
wall 160 760 40 0 0 0
0
0
0
0
0
0
thorn 160 1040 40 0 0 0
magnetic 200 0 40 0 0 0
0
0
0
0
0
0
0
0
0
0
0
0
0
0
0
0
0
thorn 200 720 40 0 0 0
wall 200 760 40 0 0 0
0
0
0
0
0
0
thorn 200 1040 40 0 0 0
laser 240 0 40 0 0 0
0
0
0
0
0
0
0
0
0
wall 240 400 40 0 0 0
0
0
0
0
0
0
0
thorn 240 720 40 0 0 0
wall 240 760 40 0 0 0
0
0
0
0
0
0
thorn 240 1040 40 0 0 0
0
0
0
0
0
0
0
0
0
0
thorn 280 400 40 0 0 0
0
0
0
0
0
0
0
thorn 280 720 40 0 0 0
wall 280 760 40 0 0 0
0
0
0
0
fakewal 280 960 40 0 0 0
0
thorn 280 1040 40 0 0 0
0
0
0
0
0
0
0
0
0
0
thorn 320 400 40 0 0 0
0
0
0
0
0
0
0
thorn 320 720 40 0 0 0
wall 320 760 40 0 0 0
0
0
0
0
fakewal 320 960 40 0 0 0
0
thorn 320 1040 40 0 0 0
0
0
0
0
0
0
0
0
0
0
thorn 360 400 40 0 0 0
0
0
0
0
0
0
0
thorn 360 720 40 0 0 0
wall 360 760 40 0 0 0
0
0
0
0
0
0
thorn 360 1040 40 0 0 0
0
0
wall 400 80 40 0 0 0
wall 400 120 40 0 0 0
wall 400 160 40 0 0 0
wall 400 200 40 0 0 0
wall 400 240 40 0 0 0
0
0
wall 400 360 40 0 0 0
wall 400 400 40 0 0 0
wall 400 440 40 0 0 0
0
0
0
0
0
endpoint 400 680 40 0 120 680
wall 400 720 40 0 0 0
wall 400 760 40 0 0 0
0
0
0
0
0
0
thorn 400 1040 40 0 0 0
0
0
0
0
0
0
0
0
0
0
thorn 440 400 40 0 0 0
wall 440 440 40 0 0 0
0
0
0
0
0
0
0
wall 440 760 40 0 0 0
0
0
0
0
0
0
thorn 440 1040 40 0 0 0
0
0
0
0
0
0
0
0
0
0
thorn 480 400 40 0 0 0
wall 480 440 40 0 0 0
0
0
0
0
0
0
0
wall 480 760 40 0 0 0
0
0
0
0
0
0
thorn 480 1040 40 0 0 0
0
0
0
0
wall 520 160 40 0 0 0
wall 520 200 40 0 0 0
wall 520 240 40 0 0 0
wall 520 280 40 0 0 0
wall 520 320 40 0 0 0
wall 520 360 40 0 0 0
wall 520 400 40 0 0 0
wall 520 440 40 0 0 0
0
0
0
0
0
0
0
wall 520 760 40 0 0 0
0
0
0
0
fakewal 520 960 40 0 0 0
0
thorn 520 1040 40 0 0 0
0
0
0
0
wall 560 160 40 0 0 0
0
0
0
0
0
0
0
0
0
0
0
0
0
0
0
0
0
0
0
fakewal 560 960 40 0 0 0
0
thorn 560 1040 40 0 0 0
0
0
0
thorn 600 120 40 0 0 0
wall 600 160 40 0 0 0
icicle 600 200 40 0 0 0
0
0
0
0
0
0
0
0
0
0
0
0
0
0
0
0
wall 600 880 40 0 0 0
wall 600 920 40 0 0 0
wall 600 960 40 0 0 0
0
thorn 600 1040 40 0 0 0
0
0
0
0
wall 640 160 40 0 0 0
0
0
0
0
0
0
0
0
0
0
0
0
0
0
0
0
0
spring 640 880 40 0 0 0
0
0
0
thorn 640 1040 40 0 0 0
0
0
0
0
wall 680 160 40 0 0 0
wall 680 200 40 0 0 0
wall 680 240 40 0 0 0
wall 680 280 40 0 0 0
wall 680 320 40 0 0 0
wall 680 360 40 0 0 0
wall 680 400 40 0 0 0
wall 680 440 40 0 0 0
wall 680 480 40 0 0 0
wall 680 520 40 0 0 0
wall 680 560 40 0 0 0
wall 680 600 40 0 0 0
wall 680 640 40 0 0 0
wall 680 680 40 0 0 0
wall 680 720 40 0 0 0
wall 680 760 40 0 0 0
wall 680 800 40 0 0 0
wall 680 840 40 0 0 0
wall 680 880 40 0 0 0
0
0
0
thorn 680 1040 40 0 0 0
0
0
0
0
0
0
0
0
0
0
0
wall 720 440 40 0 0 0
0
0
0
0
0
0
0
0
0
0
wall 720 880 40 0 0 0
0
0
0
thorn 720 1040 40 0 0 0
0
0
0
0
0
0
0
0
0
0
0
wall 760 440 40 0 0 0
0
0
0
0
0
0
0
0
0
0
wall 760 880 40 0 0 0
0
0
0
thorn 760 1040 40 0 0 0
0
0
0
0
0
0
0
0
0
0
0
0
0
0
0
0
0
0
wall 800 720 40 0 0 0
0
0
0
wall 800 880 40 0 0 0
0
0
0
thorn 800 1040 40 0 0 0
0
0
0
0
0
0
0
0
0
0
0
0
0
0
0
0
0
0
wall 840 720 40 0 0 0
0
0
0
wall 840 880 40 0 0 0
0
0
0
thorn 840 1040 40 0 0 0
0
0
0
0
0
0
0
0
0
0
0
0
0
0
0
0
0
0
0
0
0
0
wall 880 880 40 0 0 0
0
0
0
thorn 880 1040 40 0 0 0
0
0
0
0
0
0
0
0
0
0
0
0
0
0
0
0
0
0
0
0
0
0
wall 920 880 40 0 0 0
0
0
0
thorn 920 1040 40 0 0 0
0
0
0
0
0
0
0
0
0
0
0
0
0
0
0
0
0
0
0
0
0
0
wall 960 880 40 0 0 0
0
0
0
thorn 960 1040 40 0 0 0
0
wall 1000 40 40 0 0 0
wall 1000 80 40 0 0 0
wall 1000 120 40 0 0 0
wall 1000 160 40 0 0 0
wall 1000 200 40 0 0 0
wall 1000 240 40 0 0 0
wall 1000 280 40 0 0 0
wall 1000 320 40 0 0 0
wall 1000 360 40 0 0 0
wall 1000 400 40 0 0 0
wall 1000 440 40 0 0 0
wall 1000 480 40 0 0 0
wall 1000 520 40 0 0 0
wall 1000 560 40 0 0 0
wall 1000 600 40 0 0 0
wall 1000 640 40 0 0 0
wall 1000 680 40 0 0 0
wall 1000 720 40 0 0 0
wall 1000 760 40 0 0 0
0
0
wall 1000 880 40 0 0 0
wall 1000 920 40 0 0 0
wall 1000 960 40 0 0 0
0
thorn 1000 1040 40 0 0 0
0
0
0
0
0
0
0
0
0
0
0
0
0
0
0
0
0
0
0
0
0
0
0
0
0
0
thorn 1040 1040 40 0 0 0
0
0
0
0
0
0
0
0
0
0
0
0
0
0
0
0
0
0
0
0
0
0
0
0
0
0
thorn 1080 1040 40 0 0 0
0
0
0
0
0
wall 1120 200 40 0 0 0
wall 1120 240 40 0 0 0
wall 1120 280 40 0 0 0
wall 1120 320 40 0 0 0
0
0
wall 1120 440 40 0 0 0
thorn 1120 480 40 0 0 0
0
0
0
wall 1120 640 40 0 0 0
wall 1120 680 40 0 0 0
wall 1120 720 40 0 0 0
wall 1120 760 40 0 0 0
wall 1120 800 40 0 0 0
wall 1120 840 40 0 0 0
wall 1120 880 40 0 0 0
wall 1120 920 40 0 0 0
wall 1120 960 40 0 0 0
0
thorn 1120 1040 40 0 0 0
0
0
0
0
0
0
thorn 1160 240 40 0 0 0
wall 1160 280 40 0 0 0
0
0
0
wall 1160 440 40 0 0 0
thorn 1160 480 40 0 0 0
0
0
0
spring 1160 640 40 0 0 0
0
0
0
0
0
0
0
0
0
thorn 1160 1040 40 0 0 0
0
0
0
0
0
0
thorn 1200 240 40 0 0 0
wall 1200 280 40 0 0 0
0
0
0
wall 1200 440 40 0 0 0
thorn 1200 480 40 0 0 0
0
0
0
spring 1200 640 40 0 0 0
0
0
0
0
0
0
0
0
0
thorn 1200 1040 40 0 0 0
0
0
0
0
0
0
thorn 1240 240 40 0 0 0
wall 1240 280 40 0 0 0
0
0
0
wall 1240 440 40 0 0 0
thorn 1240 480 40 0 0 0
0
0
0
spring 1240 640 40 0 0 0
0
0
0
0
0
0
0
0
0
thorn 1240 1040 40 0 0 0
0
0
0
0
0
0
thorn 1280 240 40 0 0 0
wall 1280 280 40 0 0 0
0
0
0
wall 1280 440 40 0 0 0
thorn 1280 480 40 0 0 0
0
0
0
wall 1280 640 40 0 0 0
0
0
0
0
0
0
0
0
0
thorn 1280 1040 40 0 0 0
0
0
0
0
0
0
thorn 1320 240 40 0 0 0
wall 1320 280 40 0 0 0
0
0
0
wall 1320 440 40 0 0 0
thorn 1320 480 40 0 0 0
0
0
0
spring 1320 640 40 0 0 0
0
0
0
0
0
0
0
0
0
thorn 1320 1040 40 0 0 0
0
0
0
0
0
0
0
wall 1360 280 40 0 0 0
0
0
0
wall 1360 440 40 0 0 0
thorn 1360 480 40 0 0 0
0
0
0
wall 1360 640 40 0 0 0
0
0
0
0
0
0
0
0
0
thorn 1360 1040 40 0 0 0
0
0
0
0
0
0
0
wall 1400 280 40 0 0 0
0
0
0
wall 1400 440 40 0 0 0
thorn 1400 480 40 0 0 0
0
0
0
spring 1400 640 40 0 0 0
0
0
0
0
0
0
0
0
0
thorn 1400 1040 40 0 0 0
0
0
0
0
0
0
0
thorn 1440 280 40 0 0 0
wall 1440 320 40 0 0 0
0
0
0
wall 1440 480 40 0 0 0
thorn 1440 520 40 0 0 0
0
0
spring 1440 640 40 0 0 0
0
0
0
0
0
0
0
0
0
thorn 1440 1040 40 0 0 0
0
0
0
0
0
0
0
thorn 1480 280 40 0 0 0
wall 1480 320 40 0 0 0
0
0
0
0
wall 1480 520 40 0 0 0
0
0
wall 1480 640 40 0 0 0
0
0
0
0
0
0
0
0
0
thorn 1480 1040 40 0 0 0
0
0
0
0
0
0
0
thorn 1520 280 40 0 0 0
wall 1520 320 40 0 0 0
0
0
0
0
0
0
0
spring 1520 640 40 0 0 0
0
0
0
0
0
0
0
0
0
thorn 1520 1040 40 0 0 0
0
0
0
0
0
0
0
thorn 1560 280 40 0 0 0
wall 1560 320 40 0 0 0
0
0
0
0
0
0
0
0
0
0
0
0
0
0
0
0
0
thorn 1560 1040 40 0 0 0
0
0
0
0
0
0
0
0
wall 1600 320 40 0 0 0
0
0
0
0
0
0
0
0
0
0
0
0
0
0
0
0
0
thorn 1600 1040 40 0 0 0
0
0
0
0
0
0
0
0
wall 1640 320 40 0 0 0
0
0
0
0
0
0
0
0
0
0
0
0
0
0
0
0
0
thorn 1640 1040 40 0 0 0
0
0
0
0
0
0
0
thorn 1680 280 40 0 0 0
wall 1680 320 40 0 0 0
0
0
0
0
0
0
0
0
0
0
0
0
0
0
0
0
0
thorn 1680 1040 40 0 0 0
0
0
0
0
0
0
0
thorn 1720 280 40 0 0 0
wall 1720 320 40 0 0 0
0
0
0
0
0
0
0
0
0
0
0
0
0
0
0
0
0
thorn 1720 1040 40 0 0 0
0
0
0
0
0
0
0
wall 1760 280 40 0 0 0
0
0
0
0
0
0
0
0
0
0
0
0
0
0
0
0
0
0
thorn 1760 1040 40 0 0 0
0
0
0
0
0
0
star 1800 240 40 0 0 0
wall 1800 280 40 0 0 0
0
0
0
0
0
0
0
0
0
0
0
0
0
0
0
0
0
0
thorn 1800 1040 40 0 0 0
0
0
0
0
0
0
0
wall 1840 280 40 0 0 0
0
0
0
0
0
0
0
0
0
0
0
0
0
0
0
0
0
0
thorn 1840 1040 40 0 0 0
0
0
0
0
0
0
0
0
0
0
0
0
0
0
0
0
0
0
0
0
0
0
0
0
0
0
thorn 1880 1040 40 0 0 0
