1920 1080 40
하연 백지 바탕.PNG
wall 0 0 40 0 0 0
wall 0 40 40 0 0 0
wall 0 80 40 0 0 0
wall 0 120 40 0 0 0
wall 0 160 40 0 0 0
wall 0 200 40 0 0 0
wall 0 240 40 0 0 0
wall 0 280 40 0 0 0
wall 0 320 40 0 0 0
wall 0 360 40 0 0 0
wall 0 400 40 0 0 0
wall 0 440 40 0 0 0
wall 0 480 40 0 0 0
wall 0 520 40 0 0 0
wall 0 560 40 0 0 0
wall 0 600 40 0 0 0
wall 0 640 40 0 0 0
wall 0 680 40 0 0 0
wall 0 720 40 0 0 0
wall 0 760 40 0 0 0
wall 0 800 40 0 0 0
wall 0 840 40 0 0 0
wall 0 880 40 0 0 0
wall 0 920 40 0 0 0
wall 0 960 40 0 0 0
wall 0 1000 40 0 0 0
wall 0 1040 40 0 0 0
wall 40 0 40 0 0 0
0
0
lever 40 120 40 0 1200 840
wall 40 160 40 0 0 0
0
0
0
0
0
0
wall 40 440 40 0 0 0
0
0
0
0
0
0
0
0
0
0
0
0
wall 40 960 40 0 0 0
wall 40 1000 40 0 0 0
wall 40 1040 40 0 0 0
wall 80 0 40 0 0 0
0
0
0
wall 80 160 40 0 0 0
0
0
0
0
0
0
wall 80 440 40 0 0 0
0
0
0
0
0
0
0
0
0
0
ball 80 880 40 0 0 0
0
wall 80 960 40 0 0 0
wall 80 1000 40 0 0 0
wall 80 1040 40 0 0 0
wall 120 0 40 0 0 0
0
0
0
wall 120 160 40 0 0 0
0
0
0
0
0
0
wall 120 440 40 0 0 0
0
0
0
0
0
0
0
0
0
0
0
0
0
thorn 120 1000 40 0 0 0
wall 120 1040 40 0 0 0
wall 160 0 40 0 0 0
0
0
0
wall 160 160 40 0 0 0
wall 160 200 40 0 0 0
wall 160 240 40 0 0 0
wall 160 280 40 0 0 0
wall 160 320 40 0 0 0
wall 160 360 40 0 0 0
wall 160 400 40 0 0 0
wall 160 440 40 0 0 0
0
0
0
0
0
0
0
0
0
0
0
0
movewal 160 960 40 0 520 960
thorn 160 1000 40 0 0 0
wall 160 1040 40 0 0 0
wall 200 0 40 0 0 0
0
0
0
0
spring 200 200 40 0 0 0
0
0
0
spring 200 360 40 0 0 0
0
0
0
0
0
0
0
0
0
0
0
0
0
0
0
thorn 200 1000 40 0 0 0
wall 200 1040 40 0 0 0
wall 240 0 40 0 0 0
0
0
0
0
0
0
0
0
0
0
0
0
0
0
0
0
0
0
0
0
0
0
0
0
thorn 240 1000 40 0 0 0
wall 240 1040 40 0 0 0
wall 280 0 40 0 0 0
0
0
0
0
0
0
0
0
0
0
0
0
0
0
0
0
0
0
0
0
0
0
0
0
thorn 280 1000 40 0 0 0
wall 280 1040 40 0 0 0
wall 320 0 40 0 0 0
0
0
0
0
0
0
spring 320 280 40 0 0 0
0
0
0
0
spring 320 480 40 0 0 0
0
0
0
0
0
0
0
0
0
0
0
0
thorn 320 1000 40 0 0 0
wall 320 1040 40 0 0 0
wall 360 0 40 0 0 0
0
0
0
0
0
0
0
0
0
0
0
0
0
0
0
0
0
0
0
0
0
0
0
0
thorn 360 1000 40 0 0 0
wall 360 1040 40 0 0 0
wall 400 0 40 0 0 0
0
0
0
0
0
0
0
wall 400 320 40 0 0 0
wall 400 360 40 0 0 0
0
0
0
0
0
0
0
0
0
0
0
0
0
0
0
thorn 400 1000 40 0 0 0
wall 400 1040 40 0 0 0
wall 440 0 40 0 0 0
0
0
0
0
0
0
0
thorn 440 320 40 0 0 0
wall 440 360 40 0 0 0
0
0
0
0
0
spring 440 600 40 0 0 0
0
0
0
0
0
0
0
0
0
thorn 440 1000 40 0 0 0
wall 440 1040 40 0 0 0
wall 480 0 40 0 0 0
0
0
0
0
movewal 480 200 40 0 760 200
0
0
thorn 480 320 40 0 0 0
wall 480 360 40 0 0 0
0
0
0
0
0
0
0
0
0
0
0
0
0
0
0
thorn 480 1000 40 0 0 0
wall 480 1040 40 0 0 0
wall 520 0 40 0 0 0
0
0
0
0
0
0
0
thorn 520 320 40 0 0 0
wall 520 360 40 0 0 0
0
0
0
0
0
0
0
0
0
0
0
0
0
0
endpoint 520 960 40 0 160 960
thorn 520 1000 40 0 0 0
wall 520 1040 40 0 0 0
wall 560 0 40 0 0 0
0
0
0
0
0
0
0
thorn 560 320 40 0 0 0
wall 560 360 40 0 0 0
0
0
0
0
0
0
0
0
0
0
0
0
0
0
0
thorn 560 1000 40 0 0 0
wall 560 1040 40 0 0 0
wall 600 0 40 0 0 0
0
0
0
0
0
0
0
thorn 600 320 40 0 0 0
wall 600 360 40 0 0 0
0
0
0
0
0
0
wall 600 640 40 0 0 0
wall 600 680 40 0 0 0
wall 600 720 40 0 0 0
wall 600 760 40 0 0 0
wall 600 800 40 0 0 0
wall 600 840 40 0 0 0
0
0
wall 600 960 40 0 0 0
wall 600 1000 40 0 0 0
wall 600 1040 40 0 0 0
wall 640 0 40 0 0 0
0
0
0
0
0
0
0
thorn 640 320 40 0 0 0
wall 640 360 40 0 0 0
0
0
0
0
0
0
0
0
0
0
0
0
0
0
0
backblock 640 1000 40 0 0 0
wall 640 1040 40 0 0 0
wall 680 0 40 0 0 0
0
0
0
0
0
0
0
thorn 680 320 40 0 0 0
wall 680 360 40 0 0 0
0
0
0
0
0
0
0
0
0
0
0
0
0
0
0
backblock 680 1000 40 0 0 0
wall 680 1040 40 0 0 0
wall 720 0 40 0 0 0
0
0
0
0
0
0
0
thorn 720 320 40 0 0 0
wall 720 360 40 0 0 0
wall 720 400 40 0 0 0
wall 720 440 40 0 0 0
wall 720 480 40 0 0 0
wall 720 520 40 0 0 0
wall 720 560 40 0 0 0
wall 720 600 40 0 0 0
wall 720 640 40 0 0 0
wall 720 680 40 0 0 0
wall 720 720 40 0 0 0
wall 720 760 40 0 0 0
wall 720 800 40 0 0 0
wall 720 840 40 0 0 0
wall 720 880 40 0 0 0
wall 720 920 40 0 0 0
wall 720 960 40 0 0 0
wall 720 1000 40 0 0 0
wall 720 1040 40 0 0 0
wall 760 0 40 0 0 0
0
0
0
0
endpoint 760 200 40 0 480 200
0
0
thorn 760 320 40 0 0 0
wall 760 360 40 0 0 0
0
0
0
0
0
0
0
0
0
0
0
wall 760 840 40 0 0 0
wall 760 880 40 0 0 0
wall 760 920 40 0 0 0
0
0
0
wall 800 0 40 0 0 0
0
0
0
0
0
0
0
thorn 800 320 40 0 0 0
wall 800 360 40 0 0 0
0
0
0
0
0
0
0
0
0
0
0
wall 800 840 40 0 0 0
wall 800 880 40 0 0 0
wall 800 920 40 0 0 0
0
0
0
wall 840 0 40 0 0 0
0
0
0
0
0
0
0
thorn 840 320 40 0 0 0
wall 840 360 40 0 0 0
0
0
0
0
0
fakewal 840 600 40 0 0 0
thorn 840 640 40 0 0 0
wall 840 680 40 0 0 0
wall 840 720 40 0 0 0
0
0
0
wall 840 880 40 0 0 0
wall 840 920 40 0 0 0
0
0
0
wall 880 0 40 0 0 0
0
0
0
0
wall 880 200 40 0 0 0
wall 880 240 40 0 0 0
wall 880 280 40 0 0 0
wall 880 320 40 0 0 0
wall 880 360 40 0 0 0
0
0
0
0
0
0
thorn 880 640 40 0 0 0
wall 880 680 40 0 0 0
wall 880 720 40 0 0 0
0
0
0
wall 880 880 40 0 0 0
wall 880 920 40 0 0 0
wall 880 960 40 0 0 0
wall 880 1000 40 0 0 0
wall 880 1040 40 0 0 0
wall 920 0 40 0 0 0
0
0
0
0
0
fakewal 920 240 40 0 0 0
blckhole 920 280 40 0 0 0
0
0
0
0
fakewal 920 480 40 0 0 0
thorn 920 520 40 0 0 0
wall 920 560 40 0 0 0
wall 920 600 40 0 0 0
wall 920 640 40 0 0 0
wall 920 680 40 0 0 0
wall 920 720 40 0 0 0
0
0
0
0
thorn 920 920 40 0 0 0
wall 920 960 40 0 0 0
0
0
wall 960 0 40 0 0 0
0
0
0
0
0
0
0
0
0
0
0
0
thorn 960 520 40 0 0 0
wall 960 560 40 0 0 0
wall 960 600 40 0 0 0
0
0
0
0
0
0
0
thorn 960 920 40 0 0 0
wall 960 960 40 0 0 0
0
0
wall 1000 0 40 0 0 0
0
0
0
0
0
0
0
0
fakewal 1000 360 40 0 0 0
thorn 1000 400 40 0 0 0
wall 1000 440 40 0 0 0
wall 1000 480 40 0 0 0
wall 1000 520 40 0 0 0
wall 1000 560 40 0 0 0
wall 1000 600 40 0 0 0
0
0
0
0
0
wall 1000 840 40 0 0 0
0
thorn 1000 920 40 0 0 0
wall 1000 960 40 0 0 0
0
0
wall 1040 0 40 0 0 0
wall 1040 40 40 0 0 0
wall 1040 80 40 0 0 0
wall 1040 120 40 0 0 0
wall 1040 160 40 0 0 0
wall 1040 200 40 0 0 0
wall 1040 240 40 0 0 0
wall 1040 280 40 0 0 0
wall 1040 320 40 0 0 0
wall 1040 360 40 0 0 0
wall 1040 400 40 0 0 0
wall 1040 440 40 0 0 0
wall 1040 480 40 0 0 0
wall 1040 520 40 0 0 0
wall 1040 560 40 0 0 0
icicle 1040 600 40 0 0 0
0
0
0
0
0
0
0
thorn 1040 920 40 0 0 0
wall 1040 960 40 0 0 0
0
0
0
0
0
0
0
0
0
0
0
0
0
0
0
0
wall 1080 560 40 0 0 0
icicle 1080 600 40 0 0 0
0
0
0
0
0
0
0
thorn 1080 920 40 0 0 0
wall 1080 960 40 0 0 0
0
0
0
0
0
0
0
0
0
0
0
0
0
0
0
0
wall 1120 560 40 0 0 0
icicle 1120 600 40 0 0 0
0
0
0
0
0
0
0
thorn 1120 920 40 0 0 0
wall 1120 960 40 0 0 0
0
0
0
0
0
0
0
0
0
0
0
0
0
0
0
0
wall 1160 560 40 0 0 0
icicle 1160 600 40 0 0 0
0
0
0
0
0
0
0
thorn 1160 920 40 0 0 0
wall 1160 960 40 0 0 0
0
0
0
0
0
0
0
0
0
0
0
0
0
0
0
0
wall 1200 560 40 0 0 0
wall 1200 600 40 0 0 0
0
0
0
0
0
levon 1200 840 40 0 40 120
0
thorn 1200 920 40 0 0 0
wall 1200 960 40 0 0 0
0
0
0
0
0
0
0
0
0
0
0
0
0
0
0
0
wall 1240 560 40 0 0 0
icicle 1240 600 40 0 0 0
0
0
0
0
0
0
0
thorn 1240 920 40 0 0 0
wall 1240 960 40 0 0 0
0
0
0
0
0
0
0
0
0
0
0
0
0
0
0
0
wall 1280 560 40 0 0 0
icicle 1280 600 40 0 0 0
0
0
0
0
0
0
0
thorn 1280 920 40 0 0 0
wall 1280 960 40 0 0 0
0
0
0
0
0
0
0
0
0
0
0
0
0
0
0
0
wall 1320 560 40 0 0 0
icicle 1320 600 40 0 0 0
0
0
0
0
0
0
0
thorn 1320 920 40 0 0 0
wall 1320 960 40 0 0 0
0
0
0
0
0
0
0
0
0
0
0
0
0
0
0
0
wall 1360 560 40 0 0 0
icicle 1360 600 40 0 0 0
0
0
0
0
0
0
0
thorn 1360 920 40 0 0 0
wall 1360 960 40 0 0 0
0
0
0
0
0
0
0
0
0
0
0
0
0
0
0
0
wall 1400 560 40 0 0 0
wall 1400 600 40 0 0 0
0
0
0
0
0
wall 1400 840 40 0 0 0
0
thorn 1400 920 40 0 0 0
wall 1400 960 40 0 0 0
0
0
0
0
0
0
0
0
0
0
0
0
0
0
0
0
wall 1440 560 40 0 0 0
icicle 1440 600 40 0 0 0
0
0
0
0
0
0
0
thorn 1440 920 40 0 0 0
wall 1440 960 40 0 0 0
0
0
0
0
0
0
0
0
0
0
0
0
0
0
0
0
wall 1480 560 40 0 0 0
icicle 1480 600 40 0 0 0
0
0
0
0
0
0
0
thorn 1480 920 40 0 0 0
wall 1480 960 40 0 0 0
0
0
0
0
0
0
0
0
0
0
0
0
0
0
0
0
wall 1520 560 40 0 0 0
icicle 1520 600 40 0 0 0
0
0
0
0
0
0
0
thorn 1520 920 40 0 0 0
wall 1520 960 40 0 0 0
0
0
0
0
0
0
0
0
0
0
0
0
0
0
0
0
wall 1560 560 40 0 0 0
icicle 1560 600 40 0 0 0
0
0
0
0
0
0
0
thorn 1560 920 40 0 0 0
wall 1560 960 40 0 0 0
0
0
0
0
0
0
0
0
0
0
0
0
0
0
0
0
wall 1600 560 40 0 0 0
wall 1600 600 40 0 0 0
0
0
0
0
0
blinkblock 1600 840 40 0 0 0
0
thorn 1600 920 40 0 0 0
wall 1600 960 40 0 0 0
0
0
0
0
0
0
0
0
0
0
0
0
0
0
0
0
wall 1640 560 40 0 0 0
icicle 1640 600 40 0 0 0
0
0
0
0
0
0
0
thorn 1640 920 40 0 0 0
wall 1640 960 40 0 0 0
0
0
0
0
0
0
0
0
0
0
0
0
0
0
0
0
wall 1680 560 40 0 0 0
icicle 1680 600 40 0 0 0
0
0
0
0
0
0
0
thorn 1680 920 40 0 0 0
wall 1680 960 40 0 0 0
0
0
0
0
0
0
0
0
0
0
0
0
0
0
0
0
wall 1720 560 40 0 0 0
icicle 1720 600 40 0 0 0
0
0
0
0
0
0
0
thorn 1720 920 40 0 0 0
wall 1720 960 40 0 0 0
0
0
0
0
0
0
0
0
0
0
0
0
0
0
0
0
wall 1760 560 40 0 0 0
wall 1760 600 40 0 0 0
0
0
0
0
0
wall 1760 840 40 0 0 0
wall 1760 880 40 0 0 0
wall 1760 920 40 0 0 0
wall 1760 960 40 0 0 0
wall 1760 1000 40 0 0 0
wall 1760 1040 40 0 0 0
0
0
0
0
0
0
0
0
0
0
0
0
0
0
wall 1800 560 40 0 0 0
wall 1800 600 40 0 0 0
0
0
0
star 1800 760 40 0 0 0
0
wall 1800 840 40 0 0 0
0
0
0
0
0
0
0
0
0
0
0
0
0
0
0
0
0
0
0
wall 1840 560 40 0 0 0
wall 1840 600 40 0 0 0
0
0
0
0
0
wall 1840 840 40 0 0 0
0
0
0
0
0
0
0
0
0
0
0
0
0
0
0
0
0
0
0
wall 1880 560 40 0 0 0
wall 1880 600 40 0 0 0
0
0
0
0
0
wall 1880 840 40 0 0 0
0
0
0
0
0
