1920 1080 40
하연 백지 바탕.PNG
wall 0 0 40 0 0 0
wall 0 40 40 0 0 0
wall 0 80 40 0 0 0
wall 0 120 40 0 0 0
wall 0 160 40 0 0 0
wall 0 200 40 0 0 0
wall 0 240 40 0 0 0
wall 0 280 40 0 0 0
wall 0 320 40 0 0 0
wall 0 360 40 0 0 0
wall 0 400 40 0 0 0
wall 0 440 40 0 0 0
wall 0 480 40 0 0 0
wall 0 520 40 0 0 0
wall 0 560 40 0 0 0
wall 0 600 40 0 0 0
wall 0 640 40 0 0 0
wall 0 680 40 0 0 0
wall 0 720 40 0 0 0
wall 0 760 40 0 0 0
wall 0 800 40 0 0 0
wall 0 840 40 0 0 0
wall 0 880 40 0 0 0
wall 0 920 40 0 0 0
wall 0 960 40 0 0 0
wall 0 1000 40 0 0 0
wall 0 1040 40 0 0 0
wall 40 0 40 0 0 0
0
0
0
lever 40 160 40 0 640 280
wall 40 200 40 0 0 0
0
0
0
0
0
0
0
0
spring 40 560 40 0 0 0
0
0
0
0
0
0
0
0
0
wall 40 960 40 0 0 0
wall 40 1000 40 0 0 0
wall 40 1040 40 0 0 0
wall 80 0 40 0 0 0
0
0
0
0
wall 80 200 40 0 0 0
0
0
0
0
0
0
0
0
0
0
0
0
0
0
0
0
ball 80 880 40 0 0 0
0
wall 80 960 40 0 0 0
wall 80 1000 40 0 0 0
wall 80 1040 40 0 0 0
wall 120 0 40 0 0 0
0
0
0
0
wall 120 200 40 0 0 0
0
0
0
0
0
0
0
0
0
0
0
0
0
0
0
0
0
0
wall 120 960 40 0 0 0
wall 120 1000 40 0 0 0
wall 120 1040 40 0 0 0
wall 160 0 40 0 0 0
0
0
0
0
0
wall 160 240 40 0 0 0
0
0
0
0
spring 160 440 40 0 0 0
0
0
0
0
0
spring 160 680 40 0 0 0
wall 160 720 40 0 0 0
0
0
0
0
0
0
thorn 160 1000 40 0 0 0
wall 160 1040 40 0 0 0
wall 200 0 40 0 0 0
0
0
0
0
0
0
0
0
0
0
0
0
0
0
0
0
thorn 200 680 40 0 0 0
wall 200 720 40 0 0 0
0
0
0
0
0
0
thorn 200 1000 40 0 0 0
wall 200 1040 40 0 0 0
wall 240 0 40 0 0 0
0
0
0
0
0
0
0
0
0
0
0
0
0
0
0
0
thorn 240 680 40 0 0 0
wall 240 720 40 0 0 0
0
0
0
0
0
0
thorn 240 1000 40 0 0 0
wall 240 1040 40 0 0 0
wall 280 0 40 0 0 0
0
0
0
0
0
0
0
spring 280 320 40 0 0 0
0
0
0
0
0
0
0
0
thorn 280 680 40 0 0 0
wall 280 720 40 0 0 0
0
0
0
0
fakewal 280 920 40 0 0 0
0
thorn 280 1000 40 0 0 0
wall 280 1040 40 0 0 0
wall 320 0 40 0 0 0
0
0
0
0
0
0
0
0
0
0
0
0
0
0
0
0
thorn 320 680 40 0 0 0
wall 320 720 40 0 0 0
0
0
0
0
fakewal 320 920 40 0 0 0
0
thorn 320 1000 40 0 0 0
wall 320 1040 40 0 0 0
wall 360 0 40 0 0 0
0
0
0
0
0
0
0
0
0
0
0
0
0
0
0
0
wall 360 680 40 0 0 0
wall 360 720 40 0 0 0
0
0
0
0
0
0
thorn 360 1000 40 0 0 0
wall 360 1040 40 0 0 0
wall 400 0 40 0 0 0
0
0
0
0
0
0
0
0
0
0
0
0
0
0
0
0
0
0
0
0
0
0
0
0
thorn 400 1000 40 0 0 0
wall 400 1040 40 0 0 0
wall 440 0 40 0 0 0
0
0
0
0
0
0
wall 440 280 40 0 0 0
wall 440 320 40 0 0 0
wall 440 360 40 0 0 0
0
0
0
0
0
0
0
0
0
0
0
0
0
0
0
thorn 440 1000 40 0 0 0
wall 440 1040 40 0 0 0
wall 480 0 40 0 0 0
0
0
0
0
0
0
0
thorn 480 320 40 0 0 0
wall 480 360 40 0 0 0
0
0
0
0
0
0
0
0
wall 480 720 40 0 0 0
0
0
0
0
fakewal 480 920 40 0 0 0
0
thorn 480 1000 40 0 0 0
wall 480 1040 40 0 0 0
wall 520 0 40 0 0 0
0
0
0
0
0
0
0
thorn 520 320 40 0 0 0
wall 520 360 40 0 0 0
0
0
0
0
0
0
0
0
0
0
0
0
0
fakewal 520 920 40 0 0 0
0
thorn 520 1000 40 0 0 0
wall 520 1040 40 0 0 0
wall 560 0 40 0 0 0
0
0
0
0
0
0
0
thorn 560 320 40 0 0 0
wall 560 360 40 0 0 0
0
0
0
0
0
0
0
0
0
0
0
wall 560 840 40 0 0 0
wall 560 880 40 0 0 0
wall 560 920 40 0 0 0
wall 560 960 40 0 0 0
wall 560 1000 40 0 0 0
wall 560 1040 40 0 0 0
wall 600 0 40 0 0 0
0
0
0
0
0
0
0
thorn 600 320 40 0 0 0
wall 600 360 40 0 0 0
0
0
0
0
0
0
0
0
0
0
0
spring 600 840 40 0 0 0
wall 600 880 40 0 0 0
wall 600 920 40 0 0 0
0
0
0
wall 640 0 40 0 0 0
0
0
0
0
0
0
levon 640 280 40 0 40 160
thorn 640 320 40 0 0 0
wall 640 360 40 0 0 0
wall 640 400 40 0 0 0
wall 640 440 40 0 0 0
wall 640 480 40 0 0 0
wall 640 520 40 0 0 0
wall 640 560 40 0 0 0
wall 640 600 40 0 0 0
wall 640 640 40 0 0 0
wall 640 680 40 0 0 0
wall 640 720 40 0 0 0
wall 640 760 40 0 0 0
wall 640 800 40 0 0 0
wall 640 840 40 0 0 0
wall 640 880 40 0 0 0
wall 640 920 40 0 0 0
0
0
0
wall 680 0 40 0 0 0
0
0
0
0
0
0
0
thorn 680 320 40 0 0 0
wall 680 360 40 0 0 0
0
0
0
0
0
0
0
0
fakewal 680 720 40 0 0 0
0
0
0
0
wall 680 920 40 0 0 0
0
0
0
wall 720 0 40 0 0 0
0
0
0
0
0
0
0
thorn 720 320 40 0 0 0
wall 720 360 40 0 0 0
0
0
0
0
0
0
0
0
0
0
0
0
0
spring 720 920 40 0 0 0
0
0
0
wall 760 0 40 0 0 0
0
0
0
0
0
0
0
thorn 760 320 40 0 0 0
wall 760 360 40 0 0 0
0
0
0
0
0
0
wall 760 640 40 0 0 0
0
0
thorn 760 760 40 0 0 0
wall 760 800 40 0 0 0
0
0
spring 760 920 40 0 0 0
0
0
0
wall 800 0 40 0 0 0
0
0
0
0
0
0
0
thorn 800 320 40 0 0 0
wall 800 360 40 0 0 0
0
0
0
0
0
thorn 800 600 40 0 0 0
wall 800 640 40 0 0 0
wall 800 680 40 0 0 0
wall 800 720 40 0 0 0
wall 800 760 40 0 0 0
blckhole 800 800 40 0 0 0
0
0
spring 800 920 40 0 0 0
0
0
0
wall 840 0 40 0 0 0
wall 840 40 40 0 0 0
wall 840 80 40 0 0 0
wall 840 120 40 0 0 0
0
0
0
wall 840 280 40 0 0 0
wall 840 320 40 0 0 0
wall 840 360 40 0 0 0
0
0
0
0
0
movewal 840 600 40 0 1160 600
thorn 840 640 40 0 0 0
wall 840 680 40 0 0 0
wall 840 720 40 0 0 0
blckhole 840 760 40 0 0 0
0
0
0
wall 840 920 40 0 0 0
0
0
0
wall 880 0 40 0 0 0
wall 880 40 40 0 0 0
wall 880 80 40 0 0 0
icicle 880 120 40 0 0 0
0
0
0
0
thorn 880 320 40 0 0 0
wall 880 360 40 0 0 0
0
0
0
0
0
0
thorn 880 640 40 0 0 0
wall 880 680 40 0 0 0
wall 880 720 40 0 0 0
blckhole 880 760 40 0 0 0
0
0
spring 880 880 40 0 0 0
wall 880 920 40 0 0 0
0
0
0
0
0
wall 920 80 40 0 0 0
icicle 920 120 40 0 0 0
0
0
0
0
thorn 920 320 40 0 0 0
wall 920 360 40 0 0 0
0
0
0
0
0
0
thorn 920 640 40 0 0 0
wall 920 680 40 0 0 0
wall 920 720 40 0 0 0
blckhole 920 760 40 0 0 0
0
0
magnetic 920 880 40 0 0 0
wall 920 920 40 0 0 0
0
0
0
0
0
wall 960 80 40 0 0 0
wall 960 120 40 0 0 0
0
0
0
wall 960 280 40 0 0 0
wall 960 320 40 0 0 0
wall 960 360 40 0 0 0
0
0
0
0
0
0
thorn 960 640 40 0 0 0
wall 960 680 40 0 0 0
wall 960 720 40 0 0 0
blckhole 960 760 40 0 0 0
0
0
spring 960 880 40 0 0 0
wall 960 920 40 0 0 0
0
0
0
0
0
wall 1000 80 40 0 0 0
icicle 1000 120 40 0 0 0
0
0
0
0
thorn 1000 320 40 0 0 0
wall 1000 360 40 0 0 0
0
0
0
0
0
0
thorn 1000 640 40 0 0 0
wall 1000 680 40 0 0 0
wall 1000 720 40 0 0 0
blckhole 1000 760 40 0 0 0
0
0
magnetic 1000 880 40 0 0 0
wall 1000 920 40 0 0 0
wall 1000 960 40 0 0 0
wall 1000 1000 40 0 0 0
wall 1000 1040 40 0 0 0
0
0
wall 1040 80 40 0 0 0
icicle 1040 120 40 0 0 0
0
0
0
0
thorn 1040 320 40 0 0 0
wall 1040 360 40 0 0 0
0
0
0
0
0
0
thorn 1040 640 40 0 0 0
wall 1040 680 40 0 0 0
wall 1040 720 40 0 0 0
blckhole 1040 760 40 0 0 0
0
0
0
spring 1040 920 40 0 0 0
wall 1040 960 40 0 0 0
wall 1040 1000 40 0 0 0
wall 1040 1040 40 0 0 0
0
0
wall 1080 80 40 0 0 0
wall 1080 120 40 0 0 0
0
0
0
wall 1080 280 40 0 0 0
wall 1080 320 40 0 0 0
wall 1080 360 40 0 0 0
0
0
0
0
0
0
thorn 1080 640 40 0 0 0
wall 1080 680 40 0 0 0
wall 1080 720 40 0 0 0
wall 1080 760 40 0 0 0
blckhole 1080 800 40 0 0 0
0
0
0
spring 1080 960 40 0 0 0
wall 1080 1000 40 0 0 0
wall 1080 1040 40 0 0 0
0
0
wall 1120 80 40 0 0 0
icicle 1120 120 40 0 0 0
0
0
0
0
thorn 1120 320 40 0 0 0
wall 1120 360 40 0 0 0
0
0
0
0
0
0
thorn 1120 640 40 0 0 0
wall 1120 680 40 0 0 0
wall 1120 720 40 0 0 0
wall 1120 760 40 0 0 0
wall 1120 800 40 0 0 0
blckhole 1120 840 40 0 0 0
0
0
0
wall 1120 1000 40 0 0 0
wall 1120 1040 40 0 0 0
0
0
wall 1160 80 40 0 0 0
icicle 1160 120 40 0 0 0
0
0
0
0
thorn 1160 320 40 0 0 0
wall 1160 360 40 0 0 0
0
0
0
0
0
endpoint 1160 600 40 0 840 600
thorn 1160 640 40 0 0 0
wall 1160 680 40 0 0 0
wall 1160 720 40 0 0 0
wall 1160 760 40 0 0 0
wall 1160 800 40 0 0 0
wall 1160 840 40 0 0 0
blckhole 1160 880 40 0 0 0
0
0
spring 1160 1000 40 0 0 0
wall 1160 1040 40 0 0 0
0
0
wall 1200 80 40 0 0 0
wall 1200 120 40 0 0 0
0
0
0
wall 1200 280 40 0 0 0
wall 1200 320 40 0 0 0
wall 1200 360 40 0 0 0
0
0
0
0
0
wall 1200 600 40 0 0 0
thorn 1200 640 40 0 0 0
wall 1200 680 40 0 0 0
wall 1200 720 40 0 0 0
wall 1200 760 40 0 0 0
wall 1200 800 40 0 0 0
wall 1200 840 40 0 0 0
blckhole 1200 880 40 0 0 0
0
0
spring 1200 1000 40 0 0 0
wall 1200 1040 40 0 0 0
0
0
wall 1240 80 40 0 0 0
icicle 1240 120 40 0 0 0
0
0
0
0
thorn 1240 320 40 0 0 0
wall 1240 360 40 0 0 0
0
0
0
0
0
0
thorn 1240 640 40 0 0 0
wall 1240 680 40 0 0 0
wall 1240 720 40 0 0 0
wall 1240 760 40 0 0 0
wall 1240 800 40 0 0 0
wall 1240 840 40 0 0 0
blckhole 1240 880 40 0 0 0
0
0
spring 1240 1000 40 0 0 0
wall 1240 1040 40 0 0 0
0
0
wall 1280 80 40 0 0 0
icicle 1280 120 40 0 0 0
0
0
0
0
thorn 1280 320 40 0 0 0
wall 1280 360 40 0 0 0
0
0
0
0
0
0
wall 1280 640 40 0 0 0
wall 1280 680 40 0 0 0
wall 1280 720 40 0 0 0
wall 1280 760 40 0 0 0
wall 1280 800 40 0 0 0
blckhole 1280 840 40 0 0 0
0
0
0
wall 1280 1000 40 0 0 0
wall 1280 1040 40 0 0 0
0
0
wall 1320 80 40 0 0 0
0
0
0
0
spring 1320 280 40 0 0 0
wall 1320 320 40 0 0 0
wall 1320 360 40 0 0 0
wall 1320 400 40 0 0 0
wall 1320 440 40 0 0 0
wall 1320 480 40 0 0 0
0
0
0
wall 1320 640 40 0 0 0
wall 1320 680 40 0 0 0
wall 1320 720 40 0 0 0
wall 1320 760 40 0 0 0
wall 1320 800 40 0 0 0
blckhole 1320 840 40 0 0 0
0
0
spring 1320 960 40 0 0 0
wall 1320 1000 40 0 0 0
wall 1320 1040 40 0 0 0
0
0
wall 1360 80 40 0 0 0
0
0
0
thorn 1360 240 40 0 0 0
wall 1360 280 40 0 0 0
0
0
0
fakewal 1360 440 40 0 0 0
blckhole 1360 480 40 0 0 0
0
0
0
wall 1360 640 40 0 0 0
wall 1360 680 40 0 0 0
wall 1360 720 40 0 0 0
wall 1360 760 40 0 0 0
wall 1360 800 40 0 0 0
wall 1360 840 40 0 0 0
0
0
wall 1360 960 40 0 0 0
wall 1360 1000 40 0 0 0
wall 1360 1040 40 0 0 0
0
0
wall 1400 80 40 0 0 0
0
0
0
0
0
0
0
0
0
0
0
0
0
wall 1400 640 40 0 0 0
wall 1400 680 40 0 0 0
0
0
0
0
0
0
0
thorn 1400 1000 40 0 0 0
wall 1400 1040 40 0 0 0
0
0
wall 1440 80 40 0 0 0
0
0
0
0
0
fakewal 1440 320 40 0 0 0
blckhole 1440 360 40 0 0 0
0
0
0
0
0
0
wall 1440 640 40 0 0 0
wall 1440 680 40 0 0 0
0
0
0
0
0
0
0
thorn 1440 1000 40 0 0 0
wall 1440 1040 40 0 0 0
wall 1480 0 40 0 0 0
wall 1480 40 40 0 0 0
wall 1480 80 40 0 0 0
wall 1480 120 40 0 0 0
wall 1480 160 40 0 0 0
wall 1480 200 40 0 0 0
wall 1480 240 40 0 0 0
wall 1480 280 40 0 0 0
wall 1480 320 40 0 0 0
wall 1480 360 40 0 0 0
wall 1480 400 40 0 0 0
wall 1480 440 40 0 0 0
wall 1480 480 40 0 0 0
wall 1480 520 40 0 0 0
wall 1480 560 40 0 0 0
wall 1480 600 40 0 0 0
wall 1480 640 40 0 0 0
wall 1480 680 40 0 0 0
0
0
0
0
0
wall 1480 920 40 0 0 0
0
thorn 1480 1000 40 0 0 0
wall 1480 1040 40 0 0 0
0
0
0
0
0
0
0
0
0
0
0
0
0
0
0
0
0
wall 1520 680 40 0 0 0
0
0
0
0
0
0
0
thorn 1520 1000 40 0 0 0
wall 1520 1040 40 0 0 0
0
0
0
0
0
0
0
0
0
0
0
0
0
0
0
0
0
wall 1560 680 40 0 0 0
0
0
0
0
0
0
0
thorn 1560 1000 40 0 0 0
wall 1560 1040 40 0 0 0
0
0
0
0
0
0
0
0
0
0
0
0
0
0
0
0
0
wall 1600 680 40 0 0 0
0
0
0
0
wall 1600 880 40 0 0 0
0
0
thorn 1600 1000 40 0 0 0
wall 1600 1040 40 0 0 0
0
0
0
0
0
0
0
0
0
0
0
0
0
0
0
0
0
wall 1640 680 40 0 0 0
0
0
0
0
0
0
0
thorn 1640 1000 40 0 0 0
wall 1640 1040 40 0 0 0
0
0
0
0
0
0
0
0
0
0
0
0
0
0
0
0
0
wall 1680 680 40 0 0 0
0
0
0
0
0
0
0
thorn 1680 1000 40 0 0 0
wall 1680 1040 40 0 0 0
0
0
0
0
0
0
0
0
0
0
0
0
0
0
0
0
0
wall 1720 680 40 0 0 0
0
0
0
0
0
0
0
thorn 1720 1000 40 0 0 0
wall 1720 1040 40 0 0 0
0
0
0
0
0
0
0
0
0
0
0
0
0
0
0
0
0
wall 1760 680 40 0 0 0
0
0
0
wall 1760 840 40 0 0 0
wall 1760 880 40 0 0 0
wall 1760 920 40 0 0 0
wall 1760 960 40 0 0 0
wall 1760 1000 40 0 0 0
wall 1760 1040 40 0 0 0
0
0
0
0
0
0
0
0
0
0
0
0
0
0
0
0
0
wall 1800 680 40 0 0 0
0
star 1800 760 40 0 0 0
0
wall 1800 840 40 0 0 0
0
0
0
0
0
0
0
0
0
0
0
0
0
0
0
0
0
0
0
0
0
0
wall 1840 680 40 0 0 0
0
0
0
wall 1840 840 40 0 0 0
0
0
0
0
0
0
0
0
0
0
0
0
0
0
0
0
0
0
0
0
0
0
wall 1880 680 40 0 0 0
0
0
0
wall 1880 840 40 0 0 0
0
0
0
0
0
